00000061391170160220252802202500000000020000002400
00008710271170160220252802202500000000010000002400
00009265571170160220252802202500000000020000002400
00000066091170160220252802202500000000010000002400
00001692781170160220252802202500000000030000002400
00008582891170160220252802202500000000030000002400
00002010251170160220252802202500000000030000002400
00008947211170160220252802202500000000030000002400
00009601601170160220252802202500000000020000002400
00001364771170160220252802202500000000030000002400
00008834961170160220252802202500000000010000002400
00002133451170160220252802202500000000020000002400
00001905861170160220252802202500000000020000002400
00001986451170160220252802202500000000030000002400
00008614271170160220252802202500000000020000002400
00009096001170160220252802202500000000030000002400
00008922271170160220252802202500000000020000002400
00002322641170160220252802202500000000020000002400
00008357611170160220252802202500000000030000002400
00009519781170160220252802202500000000020000002400
00002107611170160220252802202500000000020000002400
00008325171170160220252802202500000000010000002400
00009273461170160220252802202500000000010000002400
00002124651170160220252802202500000000020000002400
00001433261170160220252802202500000000030000002400
00009490261170160220252802202500000000030000002400
00009366971170160220252802202500000000020000002400
00002329131170160220252802202500000000010000002400
00009286561170160220252802202500000000020000002400
00009107941170160220252802202500000000030000002400
00008999981170160220252802202500000000020000002400
00001933041170160220252802202500000000030000002400
00009156571170160220252802202500000000020000002400
00002120231170160220252802202500000000030000002400
00009157261170160220252802202500000000010000002400
00008411451170160220252802202500000000030000002400
00009129871170160220252802202500000000010000002400
00008623381170160220252802202500000000020000002400
00009901121170160220252802202500000000010000002400
00008340381170160220252802202500000000010000002400
00009309771170160220252802202500000000030000002400
00000447411170160220252802202500000000010000002400
00009647741170160220252802202500000000020000002400
00009017231170160220252802202500000000010000002400
00008195361170160220252802202500000000020000002400
00002110141170160220252802202500000000030000002400
00002167411170160220252802202500000000030000002400
00009926761170160220252802202500000000030000002400
00002472691170160220252802202500000000030000002400
00007631461170160220252802202500000000020000002400
00008988901170160220252802202500000000020000002400
00008456551170160220252802202500000000020000002400
00002464041170160220252802202500000000010000002400
00008430561170160220252802202500000000030000002400
00008297321170160220252802202500000000020000002400
00008507711170160220252802202500000000030000002400
00001706321170160220252802202500000000010000002400
00009033591170160220252802202500000000010000002400
00000692291170160220252802202500000000010000002400
00002142791170160220252802202500000000030000002400
00008566081170160220252802202500000000010000002400
00009305361170160220252802202500000000030000002400
00008954651170160220252802202500000000030000002400
00009595161170160220252802202500000000030000002400
00007200291170160220252802202500000000010000002400
00009165071170160220252802202500000000010000002400
00001157631170160220252802202500000000020000002400
00008605711170160220252802202500000000010000002400
00009109991170160220252802202500000000010000002400
00008336401170160220252802202500000000010000002400
00001879081170160220252802202500000000020000002400
00008367711170160220252802202500000000020000002400
00002027271170160220252802202500000000010000002400
00001684371170160220252802202500000000030000002400
00008787471170160220252802202500000000010000002400
00001743911170160220252802202500000000020000002400
00001477681170160220252802202500000000030000002400
00002322781170160220252802202500000000030000002400
00008692691170160220252802202500000000030000002400
00002226391170160220252802202500000000020000002400
00009486521170160220252802202500000000020000002400
00008927571170160220252802202500000000020000002400
00001800041170160220252802202500000000030000002400
00008833581170160220252802202500000000020000002400
00001007341170160220252802202500000000030000002400
00009401621170160220252802202500000000020000002400
00009901141170160220252802202500000000030000002400
00009602971170160220252802202500000000030000002400
00001532871170160220252802202500000000030000002400
00008982621170160220252802202500000000020000002400
00008173941170160220252802202500000000020000002400
00001297001170160220252802202500000000020000002400
00002316141170160220252802202500000000030000002400
00008735601170160220252802202500000000020000002400
00009128661170160220252802202500000000020000002400
00010867531170010220251502202500000000020000002400
00010563221170160220252802202500000000030000002400
00010493591170160220252802202500000000020000002400
00010002561170160220252802202500000000010000002400
00010960351170160220252802202500000000020000002400
00011746121170160220252802202500000000020000002400
00010859161170160220252802202500000000020000002400
00010213951170160220252802202500000000010000002400
00011112481170160220252802202500000000010000002400
00010868321170160220252802202500000000030000002400
00010918191170160220252802202500000000030000002400
00011701121170160220252802202500000000030000002400
00011694511170160220252802202500000000020000002400
00010562891170160220252802202500000000030000002400
00010033171170160220252802202500000000020000002400
00011644071170160220252802202500000000030000002400
00010086841170160220252802202500000000020000002400
00010896871170160220252802202500000000030000002400
00010086351170160220252802202500000000020000002400
00010151281170160220252802202500000000030000002400
00011896571170160220252802202500000000020000002400
00011125671170160220252802202500000000020000002400
00011082801170160220252802202500000000030000002400
00010086891170160220252802202500000000020000002400
00011382121170160220252802202500000000010000002400
00011354041170160220252802202500000000030000002400
00011347711170160220252802202500000000030000002400
00011117531170160220252802202500000000030000002400
00010098681170160220252802202500000000010000002400
00010569251170160220252802202500000000010000002400
00011410701170160220252802202500000000030000002400
00010574931170160220252802202500000000030000002400
00010030551170160220252802202500000000030000002400
00011191801170160220252802202500000000010000002400
00011595921170160220252802202500000000020000002400
00010867531170160220252802202500000000030000002400
00011903231170160220252802202500000000030000002400
00011540491170160220252802202500000000020000002400
00010087461170160220252802202500000000020000002400
00011136841170160220252802202500000000010000002400
00011545881170160220252802202500000000030000002400
00011710111170160220252802202500000000020000002400
00011415401170160220252802202500000000020000002400
00011237061170160220252802202500000000010000002400