00002029441621010220251502202500000000020000002400
00008610211621010220251502202500000000010000002400
00008303761621010220251502202500000000010000002400
00008612751621010220251502202500000000020000002400
00008215701621010220251502202500000000020000002400
00001331531621010220251502202500000000020000002400
00001412801621010220251502202500000000020000002400
00009383051621010220251502202500000000020000002400
00008452591621010220251502202500000000010000002400
00008637091621010220251502202500000000020000002400
00009799481621010220251502202500000000010000002400
00002022091621010220251502202500000000020000002400
00009705261621010220251502202500000000010000002400
00008391371621010220251502202500000000010000002400
00009799551621010220251502202500000000010000002400
00000078011621010220251502202500000000010000002400
00008451611621010220251502202500000000020000002400
00008450361621010220251502202500000000010000002400
00008999141621010220251502202500000000020000002400
00009777831621010220251502202500000000020000002400
00000078951621010220251502202500000000020000002400
00008391441621010220251502202500000000010000002400
00001968491621010220251502202500000000020000002400
00001953131621010220251502202500000000010000002400
00002332661621010220251502202500000000020000002400
00008394901621010220251502202500000000010000002400
00009139151621010220251502202500000000020000002400
00008395671621010220251502202500000000020000002400
00009084611621010220251502202500000000020000002400
00007626691621010220251502202500000000020000002400
00009113651621010220251502202500000000020000002400
00008999941621010220251502202500000000010000002400
00000021491621010220251502202500000000010000002400
00002048911621010220251502202500000000010000002400
00008452501621010220251502202500000000020000002400
00008211831621010220251502202500000000010000002400
00001914611621010220251502202500000000020000002400
00008597601621010220251502202500000000020000002400
00008666491621010220251502202500000000020000002400
00000055071621010220251502202500000000020000002400
00008983671621010220251502202500000000010000002400
00001957531621010220251502202500000000020000002400
00008612501621010220251502202500000000010000002400
00009153371621010220251502202500000000010000002400
00009011351621010220251502202500000000010000002400
00008803241621010220251502202500000000010000002400
00008392981621010220251502202500000000020000002400
00000019041621010220251502202500000000020000002400
00008395121621010220251502202500000000020000002400
00008503901621010220251502202500000000020000002400
00008983681621010220251502202500000000010000002400
00002270281621010220251502202500000000020000002400
00009800221621010220251502202500000000010000002400
00002428271621010220251502202500000000010000002400
00002088971621010220251502202500000000020000002400
00008479901621010220251502202500000000010000002400
00008132011621010220251502202500000000010000002400
00008977991621010220251502202500000000020000002400
00008461531621010220251502202500000000020000002400
00001177201621010220251502202500000000010000002400
00001412491621010220251502202500000000010000002400
00001953151621010220251502202500000000010000002400
00001480931621010220251502202500000000010000002400
00002310851621010220251502202500000000010000002400
00008040601621010220251502202500000000010000002400
00008135021621010220251502202500000000020000002400
00002428421621010220251502202500000000020000002400
00008607931621010220251502202500000000010000002400
00002476641621010220251502202500000000020000002400
00009800471621010220251502202500000000010000002400
00001503741621010220251502202500000000010000002400
00008579791621010220251502202500000000020000002400
00000006211621010220251502202500000000010000002400
00009800551621010220251502202500000000020000002400
00009177271621010220251502202500000000020000002400
00009800601621010220251502202500000000020000002400
00002242931621010220251502202500000000010000002400
00002146281621010220251502202500000000020000002400
00009011221621010220251502202500000000020000002400
00002006661621010220251502202500000000020000002400
00008579711621010220251502202500000000020000002400
00008395001621010220251502202500000000020000002400
00009039271621010220251502202500000000020000002400
00001150311621010220251502202500000000010000002400
00008623391621010220251502202500000000020000002400
00000064101621010220251502202500000000010000002400
00001188171621010220251502202500000000010000002400
00008250551621010220251502202500000000020000002400
00008151311621010220251502202500000000020000002400
00001970391621010220251502202500000000010000002400
00009576971621010220251502202500000000010000002400
00009361851621010220251502202500000000020000002400
00002056681621010220251502202500000000010000002400
00009098521621010220251502202500000000020000002400
00009801001621010220251502202500000000020000002400
00001743051621010220251502202500000000020000002400
00009801011621010220251502202500000000010000002400
00008395701621010220251502202500000000020000002400
00001158831621010220251502202500000000010000002400
00009893831621010220251502202500000000010000002400
00009783241621010220251502202500000000010000002400
00008876401621010220251502202500000000020000002400
00009871191621010220251502202500000000010000002400
00008391531621010220251502202500000000020000002400
00009706971621010220251502202500000000020000002400
00008612951621010220251502202500000000010000002400
00002448331621010220251502202500000000010000002400
00009783381621010220251502202500000000010000002400
00008579801621010220251502202500000000020000002400
00008386951621010220251502202500000000010000002400
00008596891621010220251502202500000000010000002400
00008666441621010220251502202500000000010000002400
00001784681621010220251502202500000000010000002400
00009801291621010220251502202500000000020000002400
00001686721621010220251502202500000000020000002400
00008645041621010220251502202500000000020000002400
00008622921621010220251502202500000000020000002400
00008056181621010220251502202500000000010000002400
00009300221621010220251502202500000000020000002400
00009175001621010220251502202500000000020000002400
00008395071621010220251502202500000000010000002400
00001189071621010220251502202500000000010000002400
00009043791621010220251502202500000000020000002400
00008371271621010220251502202500000000010000002400
00009783571621010220251502202500000000020000002400
00000091411621010220251502202500000000010000002400
00008579651621010220251502202500000000010000002400
00009777971621010220251502202500000000020000002400
00009577031621010220251502202500000000010000002400
00008387151621010220251502202500000000020000002400
00008419681621010220251502202500000000010000002400
00008168751621010220251502202500000000010000002400
00009783621621010220251502202500000000010000002400
00009616641621010220251502202500000000020000002400
00009102181621010220251502202500000000020000002400
00008452641621010220251502202500000000010000002400
00002040701621010220251502202500000000020000002400
00001693581621010220251502202500000000010000002400
00001761531621010220251502202500000000020000002400
00008375641621010220251502202500000000020000002400
00009801861621010220251502202500000000010000002400
00009801881621010220251502202500000000010000002400
00000090101621010220251502202500000000020000002400
00009486431621010220251502202500000000010000002400
00001906611621010220251502202500000000020000002400
00008360051621010220251502202500000000020000002400
00009801981621010220251502202500000000020000002400
00000091281621010220251502202500000000010000002400
00002197241621010220251502202500000000010000002400
00009893051621010220251502202500000000010000002400
00008793581621010220251502202500000000010000002400
00008627851621010220251502202500000000010000002400
00009520601621010220251502202500000000010000002400
00009984361621010220251502202500000000020000002400
00009116091621010220251502202500000000020000002400
00009102191621010220251502202500000000020000002400
00002359651621010220251502202500000000020000002400
00008797181621010220251502202500000000020000002400
00008236051621010220251502202500000000010000002400
00001158691621010220251502202500000000010000002400
00002330901621010220251502202500000000020000002400
00008614721621010220251502202500000000020000002400
00008480971621010220251502202500000000010000002400
00001173641621010220251502202500000000020000002400
00008321501621010220251502202500000000010000002400
00009553441621010220251502202500000000020000002400
00008606421621010220251502202500000000020000002400
00008212001621010220251502202500000000020000002400
00008759831621010220251502202500000000020000002400
00008045141621010220251502202500000000010000002400
00001932901621010220251502202500000000020000002400
00008504031621010220251502202500000000010000002400
00008571211621010220251502202500000000010000002400
00001927471621010220251502202500000000010000002400
00001252811621010220251502202500000000010000002400
00002253891621010220251502202500000000020000002400
00008581841621010220251502202500000000020000002400
00009119511621010220251502202500000000020000002400
00009802651621010220251502202500000000010000002400
00009802711621010220251502202500000000010000002400
00008362851621010220251502202500000000020000002400
00001897771621010220251502202500000000010000002400
00001791741621010220251502202500000000010000002400
00009085051621010220251502202500000000020000002400
00009119521621010220251502202500000000020000002400
00009361081621010220251502202500000000020000002400
00008390721621010220251502202500000000010000002400
00009802891621010220251502202500000000010000002400
00008479671621010220251502202500000000010000002400
00009784281621010220251502202500000000010000002400
00009006561621010220251502202500000000010000002400
00001716871621010220251502202500000000020000002400
00000125831621010220251502202500000000020000002400
00008460631621010220251502202500000000010000002400
00001354261621010220251502202500000000010000002400
00009071351621010220251502202500000000020000002400
00001252951621010220251502202500000000020000002400
00008666411621010220251502202500000000020000002400
00009784431621010220251502202500000000020000002400
00001773191621010220251502202500000000020000002400
00009784471621010220251502202500000000010000002400
00001952711621010220251502202500000000020000002400
00000157251621010220251502202500000000020000002400
00009470681621010220251502202500000000020000002400
00009803321621010220251502202500000000010000002400
00008612871621010220251502202500000000010000002400
00008131941621010220251502202500000000010000002400
00009088151621010220251502202500000000020000002400
00000174351621010220251502202500000000010000002400
00001832571621010220251502202500000000010000002400
00000180161621010220251502202500000000010000002400
00009803431621010220251502202500000000010000002400
00008571151621010220251502202500000000020000002400
00009883491621010220251502202500000000020000002400
00009784601621010220251502202500000000010000002400
00009803451621010220251502202500000000020000002400
00008249251621010220251502202500000000020000002400
00002365631621010220251502202500000000010000002400
00008582131621010220251502202500000000010000002400
00000157041621010220251502202500000000020000002400
00008380381621010220251502202500000000020000002400
00008518161621010220251502202500000000010000002400
00009803531621010220251502202500000000020000002400
00008482001621010220251502202500000000020000002400
00009365501621010220251502202500000000010000002400
00002332091621010220251502202500000000020000002400
00008983751621010220251502202500000000010000002400
00008518171621010220251502202500000000020000002400
00008564361621010220251502202500000000020000002400
00008611521621010220251502202500000000010000002400
00009784741621010220251502202500000000020000002400
00000192631621010220251502202500000000020000002400
00008132341621010220251502202500000000020000002400
00009092161621010220251502202500000000010000002400
00009603001621010220251502202500000000020000002400
00008611151621010220251502202500000000020000002400
00000160751621010220251502202500000000010000002400
00000132451621010220251502202500000000010000002400
00008336421621010220251502202500000000020000002400
00002241881621010220251502202500000000010000002400
00008240591621010220251502202500000000010000002400
00001883311621010220251502202500000000010000002400
00002076921621010220251502202500000000020000002400
00002139571621010220251502202500000000020000002400
00002249811621010220251502202500000000010000002400
00000169681621010220251502202500000000010000002400
00008048961621010220251502202500000000020000002400
00000174631621010220251502202500000000010000002400
00008481021621010220251502202500000000020000002400
00001953321621010220251502202500000000010000002400
00000198511621010220251502202500000000020000002400
00008393371621010220251502202500000000010000002400
00001953171621010220251502202500000000010000002400
00009102201621010220251502202500000000010000002400
00001986871621010220251502202500000000010000002400
00001194991621010220251502202500000000020000002400
00009804151621010220251502202500000000010000002400
00000198351621010220251502202500000000020000002400
00009893841621010220251502202500000000020000002400
00009268401621010220251502202500000000020000002400
00008564771621010220251502202500000000010000002400
00009288791621010220251502202500000000020000002400
00001976101621010220251502202500000000020000002400
00009109901621010220251502202500000000020000002400
00009804281621010220251502202500000000010000002400
00008070131621010220251502202500000000020000002400
00008347101621010220251502202500000000020000002400
00008412561621010220251502202500000000020000002400
00008391381621010220251502202500000000020000002400
00009804361621010220251502202500000000020000002400
00001940571621010220251502202500000000010000002400
00008650041621010220251502202500000000010000002400
00009163291621010220251502202500000000020000002400
00009804381621010220251502202500000000020000002400
00001842611621010220251502202500000000020000002400
00002344151621010220251502202500000000010000002400
00008690031621010220251502202500000000010000002400
00008390981621010220251502202500000000020000002400
00008983771621010220251502202500000000010000002400
00009101901621010220251502202500000000020000002400
00000219851621010220251502202500000000020000002400
00001869621621010220251502202500000000020000002400
00009785241621010220251502202500000000020000002400
00009292911621010220251502202500000000020000002400
00002146201621010220251502202500000000020000002400
00009804591621010220251502202500000000020000002400
00009113081621010220251502202500000000020000002400
00008578111621010220251502202500000000010000002400
00000217691621010220251502202500000000020000002400
00001436551621010220251502202500000000010000002400
00008518351621010220251502202500000000020000002400
00001939221621010220251502202500000000010000002400
00009092221621010220251502202500000000020000002400
00001195011621010220251502202500000000020000002400
00001829761621010220251502202500000000010000002400
00009614171621010220251502202500000000020000002400
00009804821621010220251502202500000000020000002400
00008460601621010220251502202500000000010000002400
00009804831621010220251502202500000000020000002400
00008921821621010220251502202500000000020000002400
00009182401621010220251502202500000000010000002400
00000232391621010220251502202500000000010000002400
00001613221621010220251502202500000000010000002400
00008411801621010220251502202500000000020000002400
00009805041621010220251502202500000000010000002400
00009098541621010220251502202500000000010000002400
00000236361621010220251502202500000000010000002400
00008609331621010220251502202500000000010000002400
00008395681621010220251502202500000000020000002400
00008597611621010220251502202500000000010000002400
00001716661621010220251502202500000000010000002400
00008395601621010220251502202500000000020000002400
00008375231621010220251502202500000000010000002400
00008971721621010220251502202500000000020000002400
00008191811621010220251502202500000000020000002400
00000230081621010220251502202500000000010000002400
00001953261621010220251502202500000000010000002400
00008579691621010220251502202500000000010000002400
00008856071621010220251502202500000000010000002400
00008450141621010220251502202500000000010000002400
00002258221621010220251502202500000000010000002400
00009023651621010220251502202500000000020000002400
00009575111621010220251502202500000000020000002400
00001692481621010220251502202500000000020000002400
00008581941621010220251502202500000000010000002400
00008395691621010220251502202500000000010000002400
00008746591621010220251502202500000000020000002400
00008960841621010220251502202500000000010000002400
00008768711621010220251502202500000000010000002400
00008751271621010220251502202500000000010000002400
00000775461621010220251502202500000000020000002400
00009778251621010220251502202500000000020000002400
00002302391621010220251502202500000000010000002400
00001938631621010220251502202500000000010000002400
00008509741621010220251502202500000000010000002400
00009894041621010220251502202500000000010000002400
00002311621621010220251502202500000000020000002400
00009785781621010220251502202500000000010000002400
00008596601621010220251502202500000000010000002400
00008499151621010220251502202500000000010000002400
00009860881621010220251502202500000000020000002400
00001177031621010220251502202500000000010000002400
00000240951621010220251502202500000000020000002400
00002174211621010220251502202500000000020000002400
00008394191621010220251502202500000000010000002400
00008460821621010220251502202500000000020000002400
00001186141621010220251502202500000000020000002400
00009805591621010220251502202500000000010000002400
00008391651621010220251502202500000000010000002400
00001190671621010220251502202500000000020000002400
00008347221621010220251502202500000000010000002400
00002354681621010220251502202500000000020000002400
00009182431621010220251502202500000000020000002400
00008665761621010220251502202500000000020000002400
00008395091621010220251502202500000000010000002400
00009014661621010220251502202500000000020000002400
00008579601621010220251502202500000000020000002400
00008451701621010220251502202500000000020000002400
00008611921621010220251502202500000000020000002400
00009805791621010220251502202500000000020000002400
00008612191621010220251502202500000000020000002400
00008097711621010220251502202500000000020000002400
00008411661621010220251502202500000000020000002400
00009805801621010220251502202500000000020000002400
00009271961621010220251502202500000000020000002400
00008608401621010220251502202500000000010000002400
00008633281621010220251502202500000000010000002400
00009786191621010220251502202500000000020000002400
00008988891621010220251502202500000000020000002400
00008646721621010220251502202500000000010000002400
00009805951621010220251502202500000000020000002400
00002244561621010220251502202500000000010000002400
00009778291621010220251502202500000000020000002400
00001928841621010220251502202500000000020000002400
00008626681621010220251502202500000000020000002400
00001852731621010220251502202500000000020000002400
00009642221621010220251502202500000000010000002400
00001853261621010220251502202500000000010000002400
00008969361621010220251502202500000000020000002400
00009806081621010220251502202500000000020000002400
00001884381621010220251502202500000000010000002400
00009369741621010220251502202500000000020000002400
00008757861621010220251502202500000000020000002400
00001240351621010220251502202500000000020000002400
00009827811621010220251502202500000000020000002400
00008666711621010220251502202500000000010000002400
00008650061621010220251502202500000000020000002400
00008230731621010220251502202500000000010000002400
00008395821621010220251502202500000000020000002400
00008909021621010220251502202500000000020000002400
00008390731621010220251502202500000000010000002400
00009806301621010220251502202500000000010000002400
00009345391621010220251502202500000000010000002400
00009337391621010220251502202500000000020000002400
00001143001621010220251502202500000000010000002400
00000287231621010220251502202500000000020000002400
00008191861621010220251502202500000000020000002400
00009996541621010220251502202500000000020000002400
00008619001621010220251502202500000000010000002400
00008366261621010220251502202500000000010000002400
00008518361621010220251502202500000000020000002400
00008960851621010220251502202500000000010000002400
00001390521621010220251502202500000000010000002400
00009806461621010220251502202500000000020000002400
00001223101621010220251502202500000000010000002400
00001873801621010220251502202500000000010000002400
00002198491621010220251502202500000000020000002400
00001295021621010220251502202500000000010000002400
00008395511621010220251502202500000000020000002400
00002142881621010220251502202500000000020000002400
00009170871621010220251502202500000000020000002400
00000298821621010220251502202500000000020000002400
00009752951621010220251502202500000000010000002400
00002150751621010220251502202500000000010000002400
00000301041621010220251502202500000000010000002400
00001928861621010220251502202500000000020000002400
00008338611621010220251502202500000000010000002400
00001577221621010220251502202500000000020000002400
00008303791621010220251502202500000000020000002400
00008452511621010220251502202500000000020000002400
00008611851621010220251502202500000000010000002400
00008994631621010220251502202500000000010000002400
00002048761621010220251502202500000000020000002400
00009049201621010220251502202500000000020000002400
00002374101621010220251502202500000000010000002400
00008218031621010220251502202500000000010000002400
00008613171621010220251502202500000000010000002400
00009359511621010220251502202500000000010000002400
00002042861621010220251502202500000000020000002400
00009786761621010220251502202500000000020000002400
00002345341621010220251502202500000000010000002400
00002360241621010220251502202500000000010000002400
00009806911621010220251502202500000000010000002400
00008480981621010220251502202500000000020000002400
00002453441621010220251502202500000000020000002400
00008479761621010220251502202500000000010000002400
00000287611621010220251502202500000000010000002400
00008732541621010220251502202500000000010000002400
00008070251621010220251502202500000000010000002400
00008320831621010220251502202500000000020000002400
00000346301621010220251502202500000000020000002400
00009109941621010220251502202500000000020000002400
00000364951621010220251502202500000000010000002400
00008588151621010220251502202500000000020000002400
00009990161621010220251502202500000000020000002400
00008516531621010220251502202500000000010000002400
00008612841621010220251502202500000000020000002400
00008393671621010220251502202500000000010000002400
00000333911621010220251502202500000000010000002400
00009167981621010220251502202500000000010000002400
00001844301621010220251502202500000000020000002400
00000355471621010220251502202500000000020000002400
00000323561621010220251502202500000000010000002400
00008390751621010220251502202500000000010000002400
00008213471621010220251502202500000000010000002400
00001964711621010220251502202500000000010000002400
00001673511621010220251502202500000000010000002400
00002043641621010220251502202500000000010000002400
00008519731621010220251502202500000000010000002400
00000329481621010220251502202500000000010000002400
00009807521621010220251502202500000000010000002400
00008612001621010220251502202500000000010000002400
00000332971621010220251502202500000000010000002400
00008758191621010220251502202500000000020000002400
00008611261621010220251502202500000000010000002400
00008390811621010220251502202500000000020000002400
00009807611621010220251502202500000000020000002400
00008194401621010220251502202500000000020000002400
00009807621621010220251502202500000000020000002400
00000336941621010220251502202500000000010000002400
00009807641621010220251502202500000000020000002400
00001179441621010220251502202500000000010000002400
00008303751621010220251502202500000000010000002400
00001940551621010220251502202500000000020000002400
00008045101621010220251502202500000000020000002400
00002201291621010220251502202500000000010000002400
00009979511621010220251502202500000000010000002400
00001347131621010220251502202500000000020000002400
00000342121621010220251502202500000000010000002400
00002240921621010220251502202500000000020000002400
00009780431621010220251502202500000000020000002400
00009787461621010220251502202500000000020000002400
00008171221621010220251502202500000000020000002400
00008321681621010220251502202500000000020000002400
00009778411621010220251502202500000000020000002400
00002324231621010220251502202500000000010000002400
00009404511621010220251502202500000000010000002400
00008587851621010220251502202500000000010000002400
00008142081621010220251502202500000000020000002400
00002312591621010220251502202500000000020000002400
00009861031621010220251502202500000000010000002400
00008610771621010220251502202500000000010000002400
00008209131621010220251502202500000000010000002400
00008432121621010220251502202500000000020000002400
00009125311621010220251502202500000000010000002400
00009808031621010220251502202500000000020000002400
00009760611621010220251502202500000000020000002400
00002332701621010220251502202500000000010000002400
00008570561621010220251502202500000000020000002400
00009778471621010220251502202500000000020000002400
00009183851621010220251502202500000000020000002400
00000338011621010220251502202500000000020000002400
00008375271621010220251502202500000000010000002400
00008281071621010220251502202500000000010000002400
00008391081621010220251502202500000000010000002400
00009808201621010220251502202500000000020000002400
00008173191621010220251502202500000000010000002400
00001960341621010220251502202500000000020000002400
00008982061621010220251502202500000000020000002400
00009092391621010220251502202500000000010000002400
00008482091621010220251502202500000000010000002400
00008611811621010220251502202500000000020000002400
00009957031621010220251502202500000000020000002400
00002322551621010220251502202500000000020000002400
00001852811621010220251502202500000000010000002400
00001986861621010220251502202500000000020000002400
00008636301621010220251502202500000000010000002400
00009780511621010220251502202500000000020000002400
00008800321621010220251502202500000000020000002400
00001351511621010220251502202500000000010000002400
00008395471621010220251502202500000000020000002400
00008320901621010220251502202500000000010000002400
00001953351621010220251502202500000000010000002400
00000395901621010220251502202500000000020000002400
00008393491621010220251502202500000000010000002400
00008564711621010220251502202500000000020000002400
00008613911621010220251502202500000000020000002400
00008632421621010220251502202500000000020000002400
00001273991621010220251502202500000000020000002400
00008241201621010220251502202500000000010000002400
00008236221621010220251502202500000000020000002400
00008308571621010220251502202500000000020000002400
00009288351621010220251502202500000000020000002400
00009138181621010220251502202500000000010000002400
00009886911621010220251502202500000000020000002400
00000376151621010220251502202500000000010000002400
00008983891621010220251502202500000000020000002400
00009044891621010220251502202500000000010000002400
00001166711621010220251502202500000000020000002400
00009171031621010220251502202500000000010000002400
00001931861621010220251502202500000000020000002400
00001883401621010220251502202500000000010000002400
00008391501621010220251502202500000000010000002400
00009102211621010220251502202500000000010000002400
00008760431621010220251502202500000000010000002400
00009033411621010220251502202500000000010000002400
00009788061621010220251502202500000000010000002400
00001459391621010220251502202500000000010000002400
00009372471621010220251502202500000000020000002400
00008611481621010220251502202500000000020000002400
00000391301621010220251502202500000000010000002400
00008303741621010220251502202500000000020000002400
00008432031621010220251502202500000000010000002400
00000392261621010220251502202500000000010000002400
00009788091621010220251502202500000000010000002400
00009162691621010220251502202500000000020000002400
00002236051621010220251502202500000000010000002400
00001350281621010220251502202500000000010000002400
00000397491621010220251502202500000000010000002400
00008613981621010220251502202500000000020000002400
00002326731621010220251502202500000000010000002400
00001889311621010220251502202500000000010000002400
00009788161621010220251502202500000000010000002400
00008449711621010220251502202500000000020000002400
00009401371621010220251502202500000000010000002400
00009808981621010220251502202500000000010000002400
00008092071621010220251502202500000000010000002400
00002330961621010220251502202500000000010000002400
00001810571621010220251502202500000000010000002400
00001159421621010220251502202500000000010000002400
00009171041621010220251502202500000000010000002400
00001224811621010220251502202500000000010000002400
00002182041621010220251502202500000000010000002400
00001932831621010220251502202500000000010000002400
00001935141621010220251502202500000000020000002400
00008624971621010220251502202500000000010000002400
00008179231621010220251502202500000000020000002400
00001906491621010220251502202500000000010000002400
00008579421621010220251502202500000000010000002400
00009809181621010220251502202500000000010000002400
00008390331621010220251502202500000000010000002400
00009617411621010220251502202500000000020000002400
00000427981621010220251502202500000000020000002400
00001761561621010220251502202500000000010000002400
00008394211621010220251502202500000000010000002400
00001866771621010220251502202500000000020000002400
00000419161621010220251502202500000000010000002400
00002304011621010220251502202500000000010000002400
00008303801621010220251502202500000000020000002400
00001790331621010220251502202500000000020000002400
00008952201621010220251502202500000000020000002400
00001630951621010220251502202500000000020000002400
00009113111621010220251502202500000000020000002400
00009400661621010220251502202500000000020000002400
00008612671621010220251502202500000000020000002400
00002056751621010220251502202500000000020000002400
00001927781621010220251502202500000000020000002400
00009592491621010220251502202500000000020000002400
00008395061621010220251502202500000000010000002400
00008612491621010220251502202500000000010000002400
00008800091621010220251502202500000000020000002400
00008395941621010220251502202500000000010000002400
00008985331621010220251502202500000000020000002400
00001477561621010220251502202500000000010000002400
00008458781621010220251502202500000000020000002400
00001360231621010220251502202500000000020000002400
00009735991621010220251502202500000000010000002400
00008977081621010220251502202500000000010000002400
00009809701621010220251502202500000000020000002400
00008445101621010220251502202500000000010000002400
00000439711621010220251502202500000000020000002400
00002234271621010220251502202500000000020000002400
00008614661621010220251502202500000000010000002400
00008336331621010220251502202500000000020000002400
00000442311621010220251502202500000000010000002400
00009788651621010220251502202500000000010000002400
00009615021621010220251502202500000000020000002400
00009011251621010220251502202500000000020000002400
00000446871621010220251502202500000000020000002400
00009788691621010220251502202500000000020000002400
00009098571621010220251502202500000000020000002400
00009886931621010220251502202500000000010000002400
00000448311621010220251502202500000000020000002400
00009776241621010220251502202500000000020000002400
00001873931621010220251502202500000000020000002400
00008582051621010220251502202500000000020000002400
00000451041621010220251502202500000000010000002400
00009571501621010220251502202500000000010000002400
00009238051621010220251502202500000000010000002400
00001318551621010220251502202500000000010000002400
00001482011621010220251502202500000000020000002400
00009984281621010220251502202500000000020000002400
00008645091621010220251502202500000000010000002400
00008459521621010220251502202500000000020000002400
00008395731621010220251502202500000000020000002400
00009099961621010220251502202500000000010000002400
00008499231621010220251502202500000000020000002400
00008610011621010220251502202500000000010000002400
00000457741621010220251502202500000000020000002400
00002011961621010220251502202500000000020000002400
00009300981621010220251502202500000000010000002400
00002045401621010220251502202500000000020000002400
00008977101621010220251502202500000000010000002400
00009959861621010220251502202500000000010000002400
00009810331621010220251502202500000000020000002400
00002223061621010220251502202500000000020000002400
00009171141621010220251502202500000000010000002400
00009894021621010220251502202500000000010000002400
00008481071621010220251502202500000000010000002400
00009181721621010220251502202500000000010000002400
00002453161621010220251502202500000000010000002400
00001346951621010220251502202500000000010000002400
00000469871621010220251502202500000000020000002400
00009033471621010220251502202500000000010000002400
00001530871621010220251502202500000000010000002400
00009810511621010220251502202500000000010000002400
00008448371621010220251502202500000000010000002400
00008646691621010220251502202500000000010000002400
00009171221621010220251502202500000000010000002400
00002145181621010220251502202500000000010000002400
00001364031621010220251502202500000000010000002400
00008650001621010220251502202500000000020000002400
00009789191621010220251502202500000000010000002400
00001190431621010220251502202500000000010000002400
00009789211621010220251502202500000000020000002400
00008395101621010220251502202500000000010000002400
00008394751621010220251502202500000000010000002400
00008391091621010220251502202500000000020000002400
00008643691621010220251502202500000000020000002400
00001353091621010220251502202500000000020000002400
00009011381621010220251502202500000000010000002400
00008632231621010220251502202500000000020000002400
00002222851621010220251502202500000000010000002400
00009705091621010220251502202500000000020000002400
00009085721621010220251502202500000000020000002400
00009171331621010220251502202500000000010000002400
00008452251621010220251502202500000000010000002400
00008459711621010220251502202500000000010000002400
00009810891621010220251502202500000000020000002400
00000484221621010220251502202500000000020000002400
00009378901621010220251502202500000000020000002400
00008391171621010220251502202500000000010000002400
00008359701621010220251502202500000000020000002400
00000487981621010220251502202500000000010000002400
00009810991621010220251502202500000000020000002400
00008173251621010220251502202500000000020000002400
00008612111621010220251502202500000000020000002400
00008571101621010220251502202500000000010000002400
00009811021621010220251502202500000000010000002400
00001914771621010220251502202500000000020000002400
00008415831621010220251502202500000000010000002400
00009789521621010220251502202500000000020000002400
00009811131621010220251502202500000000020000002400
00002454851621010220251502202500000000020000002400
00009439121621010220251502202500000000020000002400
00009177491621010220251502202500000000010000002400
00009811201621010220251502202500000000020000002400
00008038521621010220251502202500000000010000002400
00000493381621010220251502202500000000010000002400
00008606901621010220251502202500000000010000002400
00002021691621010220251502202500000000010000002400
00001852971621010220251502202500000000020000002400
00000499521621010220251502202500000000010000002400
00001575501621010220251502202500000000010000002400
00000500731621010220251502202500000000010000002400
00001953251621010220251502202500000000010000002400
00008431721621010220251502202500000000010000002400
00000502321621010220251502202500000000020000002400
00001481271621010220251502202500000000020000002400
00000503591621010220251502202500000000010000002400
00001556681621010220251502202500000000020000002400
00009167131621010220251502202500000000020000002400
00009353231621010220251502202500000000010000002400
00008804301621010220251502202500000000010000002400
00008436501621010220251502202500000000010000002400
00009811541621010220251502202500000000020000002400
00009098581621010220251502202500000000010000002400
00001459721621010220251502202500000000020000002400
00002249761621010220251502202500000000020000002400
00008230931621010220251502202500000000020000002400
00008500251621010220251502202500000000020000002400
00008500361621010220251502202500000000010000002400
00009363411621010220251502202500000000010000002400
00009386171621010220251502202500000000010000002400
00002057071621010220251502202500000000010000002400
00002035831621010220251502202500000000010000002400
00009367221621010220251502202500000000020000002400
00001902011621010220251502202500000000020000002400
00009851741621010220251502202500000000020000002400
00008498971621010220251502202500000000020000002400
00009171371621010220251502202500000000010000002400
00007574321621010220251502202500000000010000002400
00001941841621010220251502202500000000020000002400
00001905051621010220251502202500000000020000002400
00008582071621010220251502202500000000010000002400
00002242091621010220251502202500000000020000002400
00009790041621010220251502202500000000020000002400
00009812111621010220251502202500000000020000002400
00009157291621010220251502202500000000020000002400
00002060821621010220251502202500000000020000002400
00001342991621010220251502202500000000010000002400
00008391031621010220251502202500000000010000002400
00009812331621010220251502202500000000020000002400
00001177671621010220251502202500000000010000002400
00000531401621010220251502202500000000020000002400
00009812371621010220251502202500000000020000002400
00001142211621010220251502202500000000010000002400
00008348531621010220251502202500000000020000002400
00000533741621010220251502202500000000010000002400
00009081801621010220251502202500000000010000002400
00001191501621010220251502202500000000010000002400
00008459751621010220251502202500000000020000002400
00009162751621010220251502202500000000020000002400
00008460691621010220251502202500000000010000002400
00009039371621010220251502202500000000020000002400
00008878821621010220251502202500000000010000002400
00008597381621010220251502202500000000020000002400
00009085791621010220251502202500000000010000002400
00009778851621010220251502202500000000010000002400
00008913761621010220251502202500000000010000002400
00009812691621010220251502202500000000020000002400
00009780781621010220251502202500000000020000002400
00009125461621010220251502202500000000010000002400
00008482781621010220251502202500000000010000002400
00002293481621010220251502202500000000020000002400
00009812731621010220251502202500000000020000002400
00009085071621010220251502202500000000020000002400
00008571251621010220251502202500000000020000002400
00009790481621010220251502202500000000020000002400
00001976311621010220251502202500000000020000002400
00008969391621010220251502202500000000020000002400
00009812911621010220251502202500000000020000002400
00008359601621010220251502202500000000020000002400
00008170531621010220251502202500000000020000002400
00002370701621010220251502202500000000020000002400
00000560291621010220251502202500000000020000002400
00008369521621010220251502202500000000010000002400
00009780801621010220251502202500000000010000002400
00008280551621010220251502202500000000020000002400
00009357941621010220251502202500000000010000002400
00008395231621010220251502202500000000020000002400
00001418741621010220251502202500000000010000002400
00002391561621010220251502202500000000020000002400
00009813121621010220251502202500000000020000002400
00002311771621010220251502202500000000010000002400
00000565661621010220251502202500000000010000002400
00009386181621010220251502202500000000010000002400
00009108001621010220251502202500000000020000002400
00001792141621010220251502202500000000020000002400
00002277891621010220251502202500000000010000002400
00002076451621010220251502202500000000020000002400
00008448401621010220251502202500000000020000002400
00001271641621010220251502202500000000010000002400
00008503051621010220251502202500000000020000002400
00009092461621010220251502202500000000020000002400
00008390201621010220251502202500000000010000002400
00009813221621010220251502202500000000020000002400
00002344061621010220251502202500000000010000002400
00008481551621010220251502202500000000020000002400
00001790161621010220251502202500000000020000002400
00008459551621010220251502202500000000010000002400
00009780821621010220251502202500000000020000002400
00008665881621010220251502202500000000020000002400
00008395791621010220251502202500000000020000002400
00009085831621010220251502202500000000010000002400
00008669331621010220251502202500000000010000002400
00009813431621010220251502202500000000020000002400
00008612641621010220251502202500000000020000002400
00009813451621010220251502202500000000020000002400
00009813461621010220251502202500000000010000002400
00000624131621010220251502202500000000020000002400
00002281491621010220251502202500000000010000002400
00009105441621010220251502202500000000010000002400
00009203541621010220251502202500000000020000002400
00002162311621010220251502202500000000020000002400
00008320311621010220251502202500000000010000002400
00001142411621010220251502202500000000010000002400
00008387481621010220251502202500000000010000002400
00008564951621010220251502202500000000010000002400
00002322601621010220251502202500000000020000002400
00008797581621010220251502202500000000020000002400
00002409341621010220251502202500000000020000002400
00002173791621010220251502202500000000010000002400
00009813601621010220251502202500000000020000002400
00008453681621010220251502202500000000020000002400
00002201161621010220251502202500000000010000002400
00009085861621010220251502202500000000020000002400
00009791071621010220251502202500000000010000002400
00008395141621010220251502202500000000010000002400
00008611751621010220251502202500000000020000002400
00008053941621010220251502202500000000020000002400
00009182471621010220251502202500000000010000002400
00002258341621010220251502202500000000010000002400
00009830621621010220251502202500000000010000002400
00002455571621010220251502202500000000010000002400
00008483041621010220251502202500000000010000002400
00009791221621010220251502202500000000020000002400
00008614851621010220251502202500000000010000002400
00009592531621010220251502202500000000010000002400
00009813841621010220251502202500000000010000002400
00009780941621010220251502202500000000020000002400
00008170841621010220251502202500000000010000002400
00000590041621010220251502202500000000010000002400
00000594061621010220251502202500000000010000002400
00001939141621010220251502202500000000020000002400
00008661651621010220251502202500000000020000002400
00000593911621010220251502202500000000010000002400
00009175441621010220251502202500000000010000002400
00008627541621010220251502202500000000010000002400
00002467361621010220251502202500000000010000002400
00002205791621010220251502202500000000010000002400
00008581891621010220251502202500000000020000002400
00009813971621010220251502202500000000020000002400
00008366291621010220251502202500000000020000002400
00009752111621010220251502202500000000020000002400
00008452361621010220251502202500000000020000002400
00008646381621010220251502202500000000020000002400
00009827941621010220251502202500000000020000002400
00009814051621010220251502202500000000010000002400
00001897781621010220251502202500000000010000002400
00009814091621010220251502202500000000020000002400
00008906191621010220251502202500000000020000002400
00008977181621010220251502202500000000010000002400
00009791431621010220251502202500000000010000002400
00008369691621010220251502202500000000010000002400
00001962021621010220251502202500000000010000002400
00008212181621010220251502202500000000020000002400
00001939261621010220251502202500000000020000002400
00008353631621010220251502202500000000020000002400
00008646671621010220251502202500000000020000002400
00000619261621010220251502202500000000010000002400
00002287991621010220251502202500000000020000002400
00002295851621010220251502202500000000020000002400
00001150241621010220251502202500000000010000002400
00000619561621010220251502202500000000020000002400
00008650091621010220251502202500000000020000002400
00001743241621010220251502202500000000020000002400
00008581821621010220251502202500000000010000002400
00009023671621010220251502202500000000010000002400
00000620631621010220251502202500000000020000002400
00001556071621010220251502202500000000010000002400
00001458601621010220251502202500000000010000002400
00008579731621010220251502202500000000010000002400
00009814451621010220251502202500000000020000002400
00008353641621010220251502202500000000010000002400
00009592481621010220251502202500000000020000002400
00009098611621010220251502202500000000020000002400
00001928161621010220251502202500000000010000002400
00001966301621010220251502202500000000020000002400
00000606501621010220251502202500000000020000002400
00001925421621010220251502202500000000020000002400
00002144921621010220251502202500000000010000002400
00009328721621010220251502202500000000020000002400
00009235741621010220251502202500000000020000002400
00009814751621010220251502202500000000020000002400
00008746781621010220251502202500000000020000002400
00008876031621010220251502202500000000010000002400
00008452551621010220251502202500000000020000002400
00000657131621010220251502202500000000010000002400
00009171421621010220251502202500000000010000002400
00008654501621010220251502202500000000020000002400
00000636351621010220251502202500000000010000002400
00002318651621010220251502202500000000010000002400
00002400981621010220251502202500000000010000002400
00009175461621010220251502202500000000020000002400
00001742841621010220251502202500000000010000002400
00000656781621010220251502202500000000020000002400
00001191411621010220251502202500000000010000002400
00001222681621010220251502202500000000020000002400
00008875811621010220251502202500000000020000002400
00009957051621010220251502202500000000020000002400
00009815051621010220251502202500000000010000002400
00008761801621010220251502202500000000020000002400
00009286591621010220251502202500000000020000002400
00009572091621010220251502202500000000020000002400
00009788891621010220251502202500000000010000002400
00008461971621010220251502202500000000020000002400
00002313411621010220251502202500000000010000002400
00009815181621010220251502202500000000010000002400
00008761351621010220251502202500000000010000002400
00008666931621010220251502202500000000020000002400
00000628411621010220251502202500000000020000002400
00009487171621010220251502202500000000020000002400
00002146141621010220251502202500000000020000002400
00008198441621010220251502202500000000010000002400
00008419081621010220251502202500000000010000002400
00001707081621010220251502202500000000020000002400
00008798781621010220251502202500000000010000002400
00009555371621010220251502202500000000010000002400
00009792091621010220251502202500000000020000002400
00009792101621010220251502202500000000010000002400
00009815301621010220251502202500000000020000002400
00001790031621010220251502202500000000010000002400
00002216971621010220251502202500000000020000002400
00002159671621010220251502202500000000010000002400
00001213741621010220251502202500000000010000002400
00008395861621010220251502202500000000020000002400
00009815401621010220251502202500000000020000002400
00009098621621010220251502202500000000020000002400
00002060841621010220251502202500000000010000002400
00001906731621010220251502202500000000020000002400
00009815481621010220251502202500000000010000002400
00008092751621010220251502202500000000020000002400
00001362611621010220251502202500000000020000002400
00009815591621010220251502202500000000020000002400
00009572441621010220251502202500000000020000002400
00008419641621010220251502202500000000010000002400
00002167371621010220251502202500000000020000002400
00009815661621010220251502202500000000020000002400
00008987901621010220251502202500000000010000002400
00008921961621010220251502202500000000010000002400
00009815681621010220251502202500000000010000002400
00009815721621010220251502202500000000010000002400
00009113721621010220251502202500000000010000002400
00001629761621010220251502202500000000020000002400
00000666531621010220251502202500000000020000002400
00008987911621010220251502202500000000010000002400
00009752971621010220251502202500000000020000002400
00008632271621010220251502202500000000020000002400
00008449961621010220251502202500000000020000002400
00009766701621010220251502202500000000020000002400
00008450321621010220251502202500000000020000002400
00008611461621010220251502202500000000020000002400
00000671431621010220251502202500000000010000002400
00009815921621010220251502202500000000020000002400
00009815931621010220251502202500000000020000002400
00009792511621010220251502202500000000010000002400
00008612041621010220251502202500000000020000002400
00009146841621010220251502202500000000010000002400
00008628411621010220251502202500000000010000002400
00009006611621010220251502202500000000020000002400
00008622781621010220251502202500000000010000002400
00008451491621010220251502202500000000010000002400
00001791751621010220251502202500000000010000002400
00008459681621010220251502202500000000010000002400
00001531271621010220251502202500000000010000002400
00008116971621010220251502202500000000010000002400
00008371191621010220251502202500000000020000002400
00002102851621010220251502202500000000010000002400
00008451261621010220251502202500000000020000002400
00002322881621010220251502202500000000010000002400
00001938921621010220251502202500000000010000002400
00008053961621010220251502202500000000020000002400
00001357381621010220251502202500000000010000002400
00008244551621010220251502202500000000020000002400
00000697831621010220251502202500000000020000002400
00008047001621010220251502202500000000020000002400
00009792731621010220251502202500000000020000002400
00009816421621010220251502202500000000010000002400
00008329051621010220251502202500000000010000002400
00009816441621010220251502202500000000010000002400
00008231091621010220251502202500000000020000002400
00001889891621010220251502202500000000020000002400
00008001661621010220251502202500000000020000002400
00000676871621010220251502202500000000010000002400
00001202251621010220251502202500000000020000002400
00009619141621010220251502202500000000010000002400
00002332041621010220251502202500000000010000002400
00009816521621010220251502202500000000010000002400
00008429621621010220251502202500000000020000002400
00008570391621010220251502202500000000010000002400
00008395041621010220251502202500000000010000002400
00001761151621010220251502202500000000020000002400
00008391801621010220251502202500000000020000002400
00001291401621010220251502202500000000010000002400
00001310921621010220251502202500000000020000002400
00009816661621010220251502202500000000010000002400
00008689701621010220251502202500000000020000002400
00009777891621010220251502202500000000020000002400
00009979551621010220251502202500000000010000002400
00000702501621010220251502202500000000010000002400
00008874261621010220251502202500000000010000002400
00008201361621010220251502202500000000020000002400
00008746721621010220251502202500000000010000002400
00002048181621010220251502202500000000020000002400
00008754091621010220251502202500000000010000002400
00008387261621010220251502202500000000010000002400
00009996291621010220251502202500000000020000002400
00008450121621010220251502202500000000020000002400
00001803131621010220251502202500000000020000002400
00002234191621010220251502202500000000010000002400
00002428861621010220251502202500000000010000002400
00001949191621010220251502202500000000020000002400
00000717991621010220251502202500000000020000002400
00008503881621010220251502202500000000020000002400
00002226401621010220251502202500000000010000002400
00008312021621010220251502202500000000020000002400
00002222931621010220251502202500000000010000002400
00009817171621010220251502202500000000010000002400
00001824271621010220251502202500000000010000002400
00008320501621010220251502202500000000020000002400
00008850261621010220251502202500000000020000002400
00009285381621010220251502202500000000020000002400
00002362881621010220251502202500000000010000002400
00008618831621010220251502202500000000020000002400
00008218191621010220251502202500000000010000002400
00008611831621010220251502202500000000020000002400
00008460061621010220251502202500000000010000002400
00009817401621010220251502202500000000020000002400
00009162831621010220251502202500000000010000002400
00008564911621010220251502202500000000020000002400
00009817411621010220251502202500000000020000002400
00008479871621010220251502202500000000010000002400
00008375071621010220251502202500000000020000002400
00009619271621010220251502202500000000010000002400
00008241401621010220251502202500000000020000002400
00002204321621010220251502202500000000010000002400
00008452171621010220251502202500000000020000002400
00008754191621010220251502202500000000020000002400
00002064761621010220251502202500000000020000002400
00008855951621010220251502202500000000020000002400
00001292251621010220251502202500000000010000002400
00009076891621010220251502202500000000020000002400
00002076851621010220251502202500000000020000002400
00001191491621010220251502202500000000010000002400
00002144971621010220251502202500000000020000002400
00008588071621010220251502202500000000010000002400
00008571221621010220251502202500000000020000002400
00001979701621010220251502202500000000020000002400
00008518301621010220251502202500000000010000002400
00001773471621010220251502202500000000010000002400
00008072551621010220251502202500000000020000002400
00002012581621010220251502202500000000020000002400
00009592851621010220251502202500000000010000002400
00002034751621010220251502202500000000020000002400
00009082721621010220251502202500000000010000002400
00008628251621010220251502202500000000010000002400
00002139461621010220251502202500000000020000002400
00008395581621010220251502202500000000010000002400
00008610731621010220251502202500000000020000002400
00000748471621010220251502202500000000010000002400
00000742351621010220251502202500000000010000002400
00008394421621010220251502202500000000020000002400
00009354711621010220251502202500000000020000002400
00002056951621010220251502202500000000010000002400
00001654501621010220251502202500000000010000002400
00002423411621010220251502202500000000010000002400
00009817931621010220251502202500000000020000002400
00002215441621010220251502202500000000010000002400
00008628371621010220251502202500000000010000002400
00002045561621010220251502202500000000010000002400
00008613101621010220251502202500000000020000002400
00008571041621010220251502202500000000010000002400
00009135761621010220251502202500000000010000002400
00001964751621010220251502202500000000020000002400
00008634161621010220251502202500000000010000002400
00009992931621010220251502202500000000020000002400
00000752091621010220251502202500000000020000002400
00001829861621010220251502202500000000020000002400
00000752571621010220251502202500000000010000002400
00009818081621010220251502202500000000020000002400
00001244091621010220251502202500000000010000002400
00009180131621010220251502202500000000020000002400
00008597311621010220251502202500000000020000002400
00001993761621010220251502202500000000020000002400
00000774221621010220251502202500000000010000002400
00008394891621010220251502202500000000020000002400
00002246831621010220251502202500000000010000002400
00000762131621010220251502202500000000020000002400
00008612651621010220251502202500000000020000002400
00008650121621010220251502202500000000010000002400
00008451771621010220251502202500000000020000002400
00009818341621010220251502202500000000010000002400
00001531501621010220251502202500000000020000002400
00008371151621010220251502202500000000010000002400
00009781111621010220251502202500000000010000002400
00008511091621010220251502202500000000010000002400
00008952451621010220251502202500000000020000002400
00009593641621010220251502202500000000020000002400
00008624901621010220251502202500000000020000002400
00008076741621010220251502202500000000010000002400
00008394371621010220251502202500000000010000002400
00008450351621010220251502202500000000020000002400
00009827621621010220251502202500000000020000002400
00009827981621010220251502202500000000010000002400
00002228081621010220251502202500000000020000002400
00000808061621010220251502202500000000010000002400
00002160131621010220251502202500000000020000002400
00009781131621010220251502202500000000020000002400
00008614881621010220251502202500000000020000002400
00008449751621010220251502202500000000010000002400
00001668531621010220251502202500000000020000002400
00009818541621010220251502202500000000010000002400
00000803021621010220251502202500000000020000002400
00000784061621010220251502202500000000010000002400
00008394981621010220251502202500000000020000002400
00009818611621010220251502202500000000020000002400
00008375531621010220251502202500000000020000002400
00008611431621010220251502202500000000020000002400
00000797121621010220251502202500000000020000002400
00008581921621010220251502202500000000020000002400
00001352141621010220251502202500000000020000002400
00009818741621010220251502202500000000020000002400
00009593651621010220251502202500000000020000002400
00009268351621010220251502202500000000010000002400
00009345401621010220251502202500000000020000002400
00007210401621010220251502202500000000010000002400
00008390771621010220251502202500000000020000002400
00008748251621010220251502202500000000010000002400
00001693061621010220251502202500000000020000002400
00009818991621010220251502202500000000020000002400
00002358631621010220251502202500000000010000002400
00009819011621010220251502202500000000020000002400
00009175551621010220251502202500000000020000002400
00008396291621010220251502202500000000010000002400
00001374751621010220251502202500000000010000002400
00008579931621010220251502202500000000010000002400
00000805371621010220251502202500000000020000002400
00008388211621010220251502202500000000010000002400
00002197281621010220251502202500000000010000002400
00008614251621010220251502202500000000020000002400
00008241751621010220251502202500000000020000002400
00009781211621010220251502202500000000020000002400
00002469811621010220251502202500000000010000002400
00009987461621010220251502202500000000020000002400
00002347611621010220251502202500000000020000002400
00001389841621010220251502202500000000020000002400
00008089561621010220251502202500000000020000002400
00009992941621010220251502202500000000020000002400
00008450331621010220251502202500000000020000002400
00009596651621010220251502202500000000020000002400
00009779251621010220251502202500000000010000002400
00009181881621010220251502202500000000010000002400
00008515161621010220251502202500000000010000002400
00003027251621010220251502202500000000010000002400
00001866451621010220251502202500000000020000002400
00009292121621010220251502202500000000010000002400
00009819551621010220251502202500000000010000002400
00001359661621010220251502202500000000020000002400
00002312611621010220251502202500000000010000002400
00008395761621010220251502202500000000020000002400
00008369641621010220251502202500000000010000002400
00009779281621010220251502202500000000010000002400
00009105521621010220251502202500000000020000002400
00001889711621010220251502202500000000020000002400
00008159851621010220251502202500000000020000002400
00009819771621010220251502202500000000010000002400
00009092921621010220251502202500000000010000002400
00008097901621010220251502202500000000020000002400
00001939161621010220251502202500000000010000002400
00008319081621010220251502202500000000020000002400
00008198471621010220251502202500000000010000002400
00001935251621010220251502202500000000020000002400
00009819871621010220251502202500000000010000002400
00009285561621010220251502202500000000010000002400
00009819891621010220251502202500000000010000002400
00009049011621010220251502202500000000010000002400
00009819981621010220251502202500000000020000002400
00008459871621010220251502202500000000020000002400
00009049221621010220251502202500000000020000002400
00000832281621010220251502202500000000010000002400
00008518281621010220251502202500000000020000002400
00009328511621010220251502202500000000010000002400
00009820051621010220251502202500000000010000002400
00008581781621010220251502202500000000020000002400
00008596951621010220251502202500000000010000002400
00002332401621010220251502202500000000010000002400
00009992951621010220251502202500000000010000002400
00001419051621010220251502202500000000010000002400
00009102371621010220251502202500000000020000002400
00008597621621010220251502202500000000020000002400
00001692501621010220251502202500000000020000002400
00008597591621010220251502202500000000020000002400
00008613111621010220251502202500000000010000002400
00009820191621010220251502202500000000010000002400
00009820211621010220251502202500000000020000002400
00008396381621010220251502202500000000010000002400
00008459721621010220251502202500000000020000002400
00009794871621010220251502202500000000020000002400
00001389791621010220251502202500000000010000002400
00008070581621010220251502202500000000010000002400
00009572931621010220251502202500000000020000002400
00009153701621010220251502202500000000010000002400
00000847041621010220251502202500000000020000002400
00008336261621010220251502202500000000020000002400
00008461661621010220251502202500000000020000002400
00008753991621010220251502202500000000010000002400
00009019591621010220251502202500000000010000002400
00009171981621010220251502202500000000010000002400
00000855311621010220251502202500000000020000002400
00001953121621010220251502202500000000010000002400
00002057351621010220251502202500000000020000002400
00002182971621010220251502202500000000010000002400
00009285801621010220251502202500000000020000002400
00001189651621010220251502202500000000020000002400
00008707651621010220251502202500000000020000002400
00009753021621010220251502202500000000010000002400
00001925481621010220251502202500000000020000002400
00002012741621010220251502202500000000010000002400
00008395781621010220251502202500000000020000002400
00008393221621010220251502202500000000010000002400
00008240671621010220251502202500000000010000002400
00009795181621010220251502202500000000010000002400
00002187601621010220251502202500000000020000002400
00008459661621010220251502202500000000010000002400
00001182321621010220251502202500000000020000002400
00009820711621010220251502202500000000020000002400
00009795251621010220251502202500000000010000002400
00008089281621010220251502202500000000010000002400
00008453781621010220251502202500000000010000002400
00009795271621010220251502202500000000010000002400
00000860931621010220251502202500000000010000002400
00008386911621010220251502202500000000010000002400
00009691311621010220251502202500000000020000002400
00008432091621010220251502202500000000020000002400
00008512411621010220251502202500000000010000002400
00008303721621010220251502202500000000020000002400
00008329681621010220251502202500000000020000002400
00009781301621010220251502202500000000020000002400
00008611221621010220251502202500000000010000002400
00008480901621010220251502202500000000020000002400
00008571311621010220251502202500000000020000002400
00008977301621010220251502202500000000010000002400
00009014741621010220251502202500000000020000002400
00008503841621010220251502202500000000010000002400
00008611901621010220251502202500000000020000002400
00001906651621010220251502202500000000010000002400
00002144861621010220251502202500000000020000002400
00009151991621010220251502202500000000020000002400
00000884071621010220251502202500000000010000002400
00008612401621010220251502202500000000020000002400
00009574201621010220251502202500000000020000002400
00009901681621010220251502202500000000020000002400
00008611501621010220251502202500000000010000002400
00000878171621010220251502202500000000010000002400
00008337341621010220251502202500000000020000002400
00001833941621010220251502202500000000010000002400
00001940701621010220251502202500000000010000002400
00008565331621010220251502202500000000020000002400
00009300991621010220251502202500000000020000002400
00008611881621010220251502202500000000020000002400
00008391231621010220251502202500000000020000002400
00000875451621010220251502202500000000020000002400
00001178961621010220251502202500000000010000002400
00009821181621010220251502202500000000010000002400
00009272021621010220251502202500000000020000002400
00001387621621010220251502202500000000020000002400
00009861741621010220251502202500000000020000002400
00002206131621010220251502202500000000020000002400
00008041351621010220251502202500000000020000002400
00009821231621010220251502202500000000020000002400
00008220581621010220251502202500000000020000002400
00001976441621010220251502202500000000010000002400
00009278251621010220251502202500000000020000002400
00008582181621010220251502202500000000020000002400
00008391511621010220251502202500000000010000002400
00008960871621010220251502202500000000020000002400
00008450001621010220251502202500000000020000002400
00008390421621010220251502202500000000010000002400
00008438441621010220251502202500000000020000002400
00008565051621010220251502202500000000020000002400
00001199471621010220251502202500000000020000002400
00009363451621010220251502202500000000020000002400
00008636571621010220251502202500000000010000002400
00008390931621010220251502202500000000020000002400
00001354461621010220251502202500000000020000002400
00002174181621010220251502202500000000020000002400
00002147451621010220251502202500000000010000002400
00001906291621010220251502202500000000010000002400
00008391291621010220251502202500000000010000002400
00008439401621010220251502202500000000020000002400
00008597511621010220251502202500000000020000002400
00008194591621010220251502202500000000010000002400
00001952411621010220251502202500000000010000002400
00009821591621010220251502202500000000020000002400
00001889781621010220251502202500000000010000002400
00009795891621010220251502202500000000020000002400
00008494951621010220251502202500000000010000002400
00002056641621010220251502202500000000010000002400
00001829841621010220251502202500000000010000002400
00002124321621010220251502202500000000010000002400
00002224331621010220251502202500000000010000002400
00009821651621010220251502202500000000020000002400
00000927211621010220251502202500000000020000002400
00008219231621010220251502202500000000010000002400
00002242751621010220251502202500000000020000002400
00009827461621010220251502202500000000020000002400
00008613711621010220251502202500000000020000002400
00009369791621010220251502202500000000020000002400
00001963431621010220251502202500000000010000002400
00008077951621010220251502202500000000010000002400
00009821751621010220251502202500000000010000002400
00000897001621010220251502202500000000010000002400
00008412351621010220251502202500000000020000002400
00008487771621010220251502202500000000010000002400
00008618471621010220251502202500000000020000002400
00008041231621010220251502202500000000010000002400
00009821811621010220251502202500000000010000002400
00002428451621010220251502202500000000010000002400
00001410841621010220251502202500000000010000002400
00001952451621010220251502202500000000010000002400
00009821851621010220251502202500000000020000002400
00008395021621010220251502202500000000020000002400
00008614701621010220251502202500000000010000002400
00008649951621010220251502202500000000020000002400
00009781421621010220251502202500000000010000002400
00008637101621010220251502202500000000010000002400
00008798711621010220251502202500000000020000002400
00002343481621010220251502202500000000020000002400
00009821991621010220251502202500000000020000002400
00009796171621010220251502202500000000020000002400
00008810151621010220251502202500000000010000002400
00001789811621010220251502202500000000010000002400
00008166841621010220251502202500000000020000002400
00000929251621010220251502202500000000010000002400
00009268481621010220251502202500000000020000002400
00008224021621010220251502202500000000010000002400
00009113231621010220251502202500000000020000002400
00009779551621010220251502202500000000020000002400
00009354721621010220251502202500000000010000002400
00009574701621010220251502202500000000020000002400
00008009801621010220251502202500000000010000002400
00009097571621010220251502202500000000020000002400
00000888141621010220251502202500000000010000002400
00009822211621010220251502202500000000020000002400
00001177621621010220251502202500000000010000002400
00008450061621010220251502202500000000020000002400
00008450071621010220251502202500000000020000002400
00008084301621010220251502202500000000010000002400
00009908961621010220251502202500000000020000002400
00009796301621010220251502202500000000020000002400
00008565431621010220251502202500000000010000002400
00001964971621010220251502202500000000020000002400
00008320561621010220251502202500000000020000002400
00002324181621010220251502202500000000010000002400
00008395611621010220251502202500000000010000002400
00008393341621010220251502202500000000020000002400
00002409411621010220251502202500000000010000002400
00009160531621010220251502202500000000020000002400
00001387201621010220251502202500000000010000002400
00008460611621010220251502202500000000020000002400
00002006131621010220251502202500000000010000002400
00009822501621010220251502202500000000020000002400
00008646651621010220251502202500000000010000002400
00009822551621010220251502202500000000010000002400
00000946081621010220251502202500000000010000002400
00009822681621010220251502202500000000020000002400
00009781501621010220251502202500000000010000002400
00002326281621010220251502202500000000010000002400
00001189801621010220251502202500000000020000002400
00009015331621010220251502202500000000020000002400
00008391571621010220251502202500000000010000002400
00002006461621010220251502202500000000010000002400
00009392091621010220251502202500000000020000002400
00009925911621010220251502202500000000020000002400
00008985461621010220251502202500000000010000002400
00009779641621010220251502202500000000020000002400
00008393701621010220251502202500000000020000002400
00000972561621010220251502202500000000020000002400
00008875901621010220251502202500000000020000002400
00001411501621010220251502202500000000010000002400
00008450081621010220251502202500000000010000002400
00009872901621010220251502202500000000020000002400
00002393951621010220251502202500000000020000002400
00002304021621010220251502202500000000010000002400
00009177721621010220251502202500000000010000002400
00009153731621010220251502202500000000020000002400
00009098651621010220251502202500000000020000002400
00008451051621010220251502202500000000010000002400
00008912181621010220251502202500000000010000002400
00001693761621010220251502202500000000010000002400
00000952611621010220251502202500000000020000002400
00008692891621010220251502202500000000020000002400
00008165491621010220251502202500000000020000002400
00002226211621010220251502202500000000010000002400
00000958371621010220251502202500000000020000002400
00000960221621010220251502202500000000010000002400
00008132261621010220251502202500000000010000002400
00009796741621010220251502202500000000010000002400
00009823211621010220251502202500000000020000002400
00008606831621010220251502202500000000020000002400
00009177731621010220251502202500000000010000002400
00008611491621010220251502202500000000010000002400
00001889731621010220251502202500000000010000002400
00002125991621010220251502202500000000020000002400
00008587821621010220251502202500000000020000002400
00008509721621010220251502202500000000010000002400
00001629691621010220251502202500000000010000002400
00009823281621010220251502202500000000010000002400
00009823301621010220251502202500000000010000002400
00001314661621010220251502202500000000020000002400
00008483371621010220251502202500000000010000002400
00001728661621010220251502202500000000020000002400
00009172251621010220251502202500000000010000002400
00008624861621010220251502202500000000010000002400
00008394911621010220251502202500000000010000002400
00009823471621010220251502202500000000020000002400
00008412291621010220251502202500000000020000002400
00001412241621010220251502202500000000020000002400
00008565411621010220251502202500000000020000002400
00001179531621010220251502202500000000020000002400
00002258251621010220251502202500000000010000002400
00008612681621010220251502202500000000020000002400
00009823681621010220251502202500000000010000002400
00001832631621010220251502202500000000010000002400
00009823741621010220251502202500000000020000002400
00008611861621010220251502202500000000010000002400
00002324311621010220251502202500000000010000002400
00009796891621010220251502202500000000020000002400
00008361331621010220251502202500000000010000002400
00009172281621010220251502202500000000020000002400
00009823841621010220251502202500000000020000002400
00009017091621010220251502202500000000010000002400
00000964501621010220251502202500000000010000002400
00001178061621010220251502202500000000020000002400
00008432181621010220251502202500000000020000002400
00008347111621010220251502202500000000020000002400
00000956801621010220251502202500000000020000002400
00009197131621010220251502202500000000010000002400
00008612211621010220251502202500000000020000002400
00008131751621010220251502202500000000020000002400
00009146931621010220251502202500000000010000002400
00009824081621010220251502202500000000010000002400
00001004161621010220251502202500000000010000002400
00009824121621010220251502202500000000020000002400
00001673701621010220251502202500000000010000002400
00002304001621010220251502202500000000020000002400
00009711211621010220251502202500000000020000002400
00009180161621010220251502202500000000010000002400
00009979521621010220251502202500000000010000002400
00009272061621010220251502202500000000010000002400
00008301931621010220251502202500000000010000002400
00008797801621010220251502202500000000010000002400
00008578271621010220251502202500000000010000002400
00009238251621010220251502202500000000010000002400
00008394971621010220251502202500000000010000002400
00009276941621010220251502202500000000020000002400
00008582291621010220251502202500000000020000002400
00001010891621010220251502202500000000020000002400
00008391241621010220251502202500000000020000002400
00009128401621010220251502202500000000010000002400
00009314011621010220251502202500000000010000002400
00008077971621010220251502202500000000010000002400
00001717321621010220251502202500000000010000002400
00008613301621010220251502202500000000020000002400
00001013001621010220251502202500000000020000002400
00008458751621010220251502202500000000020000002400
00009102401621010220251502202500000000020000002400
00008412251621010220251502202500000000020000002400
00008613121621010220251502202500000000010000002400
00009216181621010220251502202500000000020000002400
00001011941621010220251502202500000000020000002400
00008611801621010220251502202500000000020000002400
00009824641621010220251502202500000000020000002400
00008614541621010220251502202500000000010000002400
00008611611621010220251502202500000000020000002400
00008448581621010220251502202500000000020000002400
00001931191621010220251502202500000000020000002400
00008637041621010220251502202500000000020000002400
00009957091621010220251502202500000000010000002400
00009824901621010220251502202500000000020000002400
00001029791621010220251502202500000000020000002400
00002359621621010220251502202500000000010000002400
00008502051621010220251502202500000000010000002400
00001969791621010220251502202500000000020000002400
00009824991621010220251502202500000000010000002400
00008613331621010220251502202500000000010000002400
00009825011621010220251502202500000000010000002400
00008219331621010220251502202500000000020000002400
00008047241621010220251502202500000000010000002400
00009110061621010220251502202500000000010000002400
00008153311621010220251502202500000000010000002400
00009825101621010220251502202500000000010000002400
00001503531621010220251502202500000000010000002400
00008881241621010220251502202500000000010000002400
00008856151621010220251502202500000000020000002400
00009263781621010220251502202500000000010000002400
00008571091621010220251502202500000000020000002400
00009594291621010220251502202500000000010000002400
00009029171621010220251502202500000000020000002400
00008061771621010220251502202500000000010000002400
00001042841621010220251502202500000000010000002400
00009486401621010220251502202500000000020000002400
00008039391621010220251502202500000000010000002400
00007625461621010220251502202500000000010000002400
00008452601621010220251502202500000000020000002400
00008611561621010220251502202500000000010000002400
00009766021621010220251502202500000000020000002400
00001256481621010220251502202500000000010000002400
00008611131621010220251502202500000000020000002400
00008612521621010220251502202500000000020000002400
00001932811621010220251502202500000000020000002400
00009797931621010220251502202500000000020000002400
00001760301621010220251502202500000000010000002400
00009720351621010220251502202500000000020000002400
00001965211621010220251502202500000000010000002400
00008897491621010220251502202500000000020000002400
00008612261621010220251502202500000000010000002400
00001791541621010220251502202500000000010000002400
00008564381621010220251502202500000000010000002400
00008391791621010220251502202500000000010000002400
00008855991621010220251502202500000000020000002400
00009153761621010220251502202500000000010000002400
00008452611621010220251502202500000000010000002400
00009934021621010220251502202500000000020000002400
00008582121621010220251502202500000000020000002400
00001962061621010220251502202500000000010000002400
00001532741621010220251502202500000000020000002400
00001077921621010220251502202500000000020000002400
00009798071621010220251502202500000000010000002400
00008622761621010220251502202500000000020000002400
00001083621621010220251502202500000000020000002400
00002260971621010220251502202500000000020000002400
00001866631621010220251502202500000000010000002400
00009163181621010220251502202500000000020000002400
00001066171621010220251502202500000000010000002400
00008613221621010220251502202500000000010000002400
00001295661621010220251502202500000000010000002400
00008395181621010220251502202500000000020000002400
00008606761621010220251502202500000000020000002400
00008597571621010220251502202500000000010000002400
00009825871621010220251502202500000000020000002400
00009825891621010220251502202500000000010000002400
00001080201621010220251502202500000000010000002400
00009197141621010220251502202500000000010000002400
00001090281621010220251502202500000000010000002400
00001314261621010220251502202500000000010000002400
00002313371621010220251502202500000000010000002400
00008579631621010220251502202500000000020000002400
00008303831621010220251502202500000000020000002400
00009825991621010220251502202500000000010000002400
00001150621621010220251502202500000000020000002400
00008757711621010220251502202500000000020000002400
00009826091621010220251502202500000000010000002400
00008391191621010220251502202500000000010000002400
00002365541621010220251502202500000000010000002400
00001066441621010220251502202500000000010000002400
00008231021621010220251502202500000000010000002400
00009781761621010220251502202500000000020000002400
00008293811621010220251502202500000000010000002400
00008571501621010220251502202500000000020000002400
00001824171621010220251502202500000000020000002400
00009257981621010220251502202500000000020000002400
00008460731621010220251502202500000000010000002400
00009576391621010220251502202500000000010000002400
00001087951621010220251502202500000000010000002400
00008453761621010220251502202500000000010000002400
00008212231621010220251502202500000000020000002400
00001089551621010220251502202500000000020000002400
00008588191621010220251502202500000000020000002400
00009158651621010220251502202500000000010000002400
00009172431621010220251502202500000000020000002400
00009826521621010220251502202500000000020000002400
00001792441621010220251502202500000000020000002400
00008393861621010220251502202500000000020000002400
00008173941621010220251502202500000000010000002400
00008636271621010220251502202500000000010000002400
00009826681621010220251502202500000000010000002400
00008612601621010220251502202500000000020000002400
00009167241621010220251502202500000000010000002400
00001826631621010220251502202500000000010000002400
00009168271621010220251502202500000000010000002400
00001853021621010220251502202500000000010000002400
00001629731621010220251502202500000000010000002400
00008791591621010220251502202500000000010000002400
00008390831621010220251502202500000000010000002400
00002227091621010220251502202500000000010000002400
00008875931621010220251502202500000000010000002400
00009576481621010220251502202500000000020000002400
00008614211621010220251502202500000000020000002400
00002198511621010220251502202500000000020000002400
00001110831621010220251502202500000000010000002400
00002139491621010220251502202500000000020000002400
00008311971621010220251502202500000000020000002400
00001941951621010220251502202500000000010000002400
00008515371621010220251502202500000000020000002400
00009116391621010220251502202500000000010000002400
00009827001621010220251502202500000000020000002400
00008971851621010220251502202500000000020000002400
00008457831621010220251502202500000000010000002400
00001939291621010220251502202500000000010000002400
00008375551621010220251502202500000000010000002400
00001532971621010220251502202500000000010000002400
00001945291621010220251502202500000000010000002400
00008390911621010220251502202500000000020000002400
00001940801621010220251502202500000000020000002400
00008391111621010220251502202500000000020000002400
00008450131621010220251502202500000000010000002400
00001411771621010220251502202500000000010000002400
00001130161621010220251502202500000000020000002400
00008637001621010220251502202500000000020000002400
00002151101621010220251502202500000000010000002400
00008436381621010220251502202500000000010000002400
00008499181621010220251502202500000000020000002400
00002260131621010220251502202500000000010000002400
00001147401621010220251502202500000000020000002400
00009489451621010220251502202500000000010000002400
00008330441621010220251502202500000000010000002400
00001953301621010220251502202500000000020000002400
00008812741621010220251502202500000000010000002400
00000612861621010220251502202500000000020000002400
00008995631621010220251502202500000000010000002400
00009408871621010220251502202500000000020000002400
00001955831621010220251502202500000000010000002400
00001766871621010220251502202500000000010000002400
00011660781621010220251502202500000000020000002400
00010201631621010220251502202500000000020000002400
00011362261621010220251502202500000000020000002400
00011078691621010220251502202500000000020000002400
00010333191621010220251502202500000000010000002400
00010049121621010220251502202500000000020000002400
00011340191621010220251502202500000000020000002400
00011103611621010220251502202500000000020000002400
00011659891621010220251502202500000000020000002400
00010333211621010220251502202500000000020000002400
00010202131621010220251502202500000000010000002400
00010562461621010220251502202500000000020000002400
00010869481621010220251502202500000000020000002400
00010869201621010220251502202500000000010000002400
00010062021621010220251502202500000000010000002400
00011244691621010220251502202500000000020000002400
00010029131621010220251502202500000000010000002400
00010318951621010220251502202500000000020000002400
00010201221621010220251502202500000000020000002400
00010045451621010220251502202500000000010000002400
00010334161621010220251502202500000000020000002400
00011362281621010220251502202500000000020000002400
00011670521621010220251502202500000000010000002400
00010856431621010220251502202500000000020000002400
00011148051621010220251502202500000000020000002400
00010565421621010220251502202500000000010000002400
00011139221621010220251502202500000000020000002400
00011078681621010220251502202500000000020000002400
00010870871621010220251502202500000000020000002400
00010334171621010220251502202500000000020000002400
00010201571621010220251502202500000000020000002400
00011119531621010220251502202500000000010000002400
00011133701621010220251502202500000000020000002400
00010492461621010220251502202500000000020000002400
00010870941621010220251502202500000000010000002400
00010202411621010220251502202500000000020000002400
00010214231621010220251502202500000000020000002400
00011078661621010220251502202500000000020000002400
00011660081621010220251502202500000000020000002400
00010384111621010220251502202500000000010000002400
00010567401621010220251502202500000000010000002400
00010798231621010220251502202500000000020000002400
00011656681621010220251502202500000000020000002400
00011750841621010220251502202500000000020000002400
00010524551621010220251502202500000000020000002400
00010232151621010220251502202500000000020000002400
00010565401621010220251502202500000000020000002400
00011804161621010220251502202500000000010000002400
00010869261621010220251502202500000000010000002400
00010319031621010220251502202500000000010000002400
00010322881621010220251502202500000000010000002400
00010384031621010220251502202500000000020000002400
00011750861621010220251502202500000000010000002400
00011660851621010220251502202500000000020000002400
00010201921621010220251502202500000000010000002400
00011554371621010220251502202500000000020000002400
00010034131621010220251502202500000000020000002400
00010869281621010220251502202500000000020000002400
00011694021621010220251502202500000000020000002400
00011118901621010220251502202500000000020000002400
00010869291621010220251502202500000000020000002400
00010820331621010220251502202500000000020000002400
00011362321621010220251502202500000000010000002400
00010201231621010220251502202500000000010000002400
00011187631621010220251502202500000000010000002400
00011262811621010220251502202500000000020000002400
00011288061621010220251502202500000000020000002400
00011139731621010220251502202500000000010000002400
00011139741621010220251502202500000000020000002400
00011062711621010220251502202500000000010000002400
00010797471621010220251502202500000000020000002400
00010373061621010220251502202500000000020000002400
00010201951621010220251502202500000000010000002400
00011230481621010220251502202500000000010000002400
00011298551621010220251502202500000000020000002400
00010565351621010220251502202500000000020000002400
00011312551621010220251502202500000000020000002400
00011540631621010220251502202500000000020000002400
00010569081621010220251502202500000000020000002400
00011288111621010220251502202500000000020000002400
00010202301621010220251502202500000000010000002400
00010831491621010220251502202500000000020000002400
00010201961621010220251502202500000000010000002400
00011108391621010220251502202500000000020000002400
00010870881621010220251502202500000000020000002400
00010869301621010220251502202500000000010000002400
00010869311621010220251502202500000000020000002400
00010323151621010220251502202500000000020000002400
00010201981621010220251502202500000000020000002400
00010213341621010220251502202500000000020000002400
00011362371621010220251502202500000000020000002400
00011215271621010220251502202500000000020000002400
00010853761621010220251502202500000000020000002400
00010869321621010220251502202500000000020000002400
00010317701621010220251502202500000000020000002400
00010323171621010220251502202500000000020000002400
00010000771621010220251502202500000000020000002400
00011650051621010220251502202500000000020000002400
00010322971621010220251502202500000000010000002400
00010336441621010220251502202500000000010000002400
00011751041621010220251502202500000000010000002400
00010869331621010220251502202500000000020000002400
00010869341621010220251502202500000000010000002400
00010484701621010220251502202500000000020000002400
00011103771621010220251502202500000000020000002400
00010202241621010220251502202500000000020000002400
00010472061621010220251502202500000000020000002400
00010870911621010220251502202500000000020000002400
00011546151621010220251502202500000000020000002400
00011660911621010220251502202500000000020000002400
00011140161621010220251502202500000000020000002400
00010517981621010220251502202500000000020000002400
00010869361621010220251502202500000000010000002400
00010797731621010220251502202500000000020000002400
00011656711621010220251502202500000000020000002400
00011177151621010220251502202500000000020000002400
00010202631621010220251502202500000000010000002400
00010336521621010220251502202500000000020000002400
00010567631621010220251502202500000000010000002400
00011554271621010220251502202500000000020000002400
00011660071621010220251502202500000000020000002400
00010336541621010220251502202500000000020000002400
00010135051621010220251502202500000000020000002400
00011077811621010220251502202500000000020000002400
00010135051621010220251502202500000000020000002400
00010202111621010220251502202500000000010000002400
00010202611621010220251502202500000000010000002400
00011098301621010220251502202500000000010000002400
00011119281621010220251502202500000000010000002400
00010516721621010220251502202500000000010000002400
00010855371621010220251502202500000000020000002400
00010152701621010220251502202500000000010000002400
00011095331621010220251502202500000000020000002400
00010869371621010220251502202500000000020000002400
00011750901621010220251502202500000000020000002400
00010197351621010220251502202500000000020000002400
00011750921621010220251502202500000000020000002400
00010233851621010220251502202500000000020000002400
00011750951621010220251502202500000000020000002400
00010002571621010220251502202500000000010000002400
00010169301621010220251502202500000000020000002400
00010900111621010220251502202500000000020000002400
00010840091621010220251502202500000000010000002400
00010562511621010220251502202500000000020000002400
00010201901621010220251502202500000000020000002400
00011287911621010220251502202500000000010000002400
00010384461621010220251502202500000000010000002400
00010384541621010220251502202500000000020000002400
00011750981621010220251502202500000000020000002400
00010201991621010220251502202500000000020000002400
00011394311621010220251502202500000000020000002400
00011210601621010220251502202500000000020000002400
00011656721621010220251502202500000000020000002400
00010821681621010220251502202500000000010000002400
00011656731621010220251502202500000000020000002400
00010384591621010220251502202500000000010000002400
00010279621621010220251502202500000000020000002400
00011456311621010220251502202500000000020000002400
00010338121621010220251502202500000000020000002400
00011751011621010220251502202500000000010000002400
00010992411621010220251502202500000000020000002400
00010869401621010220251502202500000000020000002400
00010202381621010220251502202500000000010000002400
00010870921621010220251502202500000000020000002400
00011142101621010220251502202500000000010000002400
00010338141621010220251502202500000000010000002400
00010338161621010220251502202500000000020000002400
00010220911621010220251502202500000000020000002400
00011236111621010220251502202500000000020000002400
00010506991621010220251502202500000000020000002400
00010338411621010220251502202500000000020000002400
00010338421621010220251502202500000000020000002400
00010831611621010220251502202500000000020000002400
00011542301621010220251502202500000000020000002400
00010202001621010220251502202500000000020000002400
00010201381621010220251502202500000000020000002400
00010202021621010220251502202500000000020000002400
00010223991621010220251502202500000000010000002400
00010045331621010220251502202500000000010000002400
00011530661621010220251502202500000000020000002400
00010021021621010220251502202500000000010000002400
00011072911621010220251502202500000000020000002400
00010338341621010220251502202500000000020000002400
00010201831621010220251502202500000000020000002400
00011571601621010220251502202500000000020000002400
00010914891621010220251502202500000000020000002400
00010001111621010220251502202500000000010000002400
00010201741621010220251502202500000000020000002400
00011077821621010220251502202500000000020000002400
00010567331621010220251502202500000000020000002400
00011134261621010220251502202500000000020000002400
00010338561621010220251502202500000000020000002400
00010338571621010220251502202500000000020000002400
00010202271621010220251502202500000000010000002400
00011751191621010220251502202500000000020000002400
00010562571621010220251502202500000000020000002400
00010562601621010220251502202500000000010000002400
00010202171621010220251502202500000000010000002400
00010820311621010220251502202500000000020000002400
00010169531621010220251502202500000000020000002400
00010201821621010220251502202500000000010000002400
00010152651621010220251502202500000000020000002400
00010398271621010220251502202500000000020000002400
00011751201621010220251502202500000000010000002400
00011392071621010220251502202500000000010000002400
00010869441621010220251502202500000000020000002400
00010560641621010220251502202500000000020000002400
00010869451621010220251502202500000000010000002400
00010562581621010220251502202500000000020000002400
00010484651621010220251502202500000000020000002400
00010054191621010220251502202500000000010000002400
00010202461621010220251502202500000000010000002400