00009203714306160220252802202500000000200000002407
00009015274306160220252802202500000000180000002406
00000061394306160220252802202500000000210000002407
00008710274306160220252802202500000000200000002407
00001452074306160220252802202500000000070000002403
00001925374306160220252802202500000000120000002404
00008411424306160220252802202500000000050000002402
00008148364306160220252802202500000000030000002401
00002270444306160220252802202500000000060000002402
00008707564306160220252802202500000000050000002402
00008579554306160220252802202500000000120000002404
00009265574306160220252802202500000000120000002404
00009488364306160220252802202500000000180000002406
00008220274306160220252802202500000000160000002406
00002048614306160220252802202500000000090000002403
00000066094306160220252802202500000000240000002408
00008206934306160220252802202500000000060000002402
00001556134306160220252802202500000000120000002404
00001789744306160220252802202500000000120000002404
00001931404306160220252802202500000000060000002402
00008884624306160220252802202500000000130000002405
00000034404306160220252802202500000000110000002404
00002311894306160220252802202500000000070000002403
00008862204306160220252802202500000000080000002403
00001968684306160220252802202500000000090000002403
00009130224306160220252802202500000000060000002402
00001940614306160220252802202500000000150000002405
00001692784306160220252802202500000000240000002408
00009028004306160220252802202500000000160000002406
00002045344306160220252802202500000000120000002404
00008582894306160220252802202500000000210000002407
00008375504306160220252802202500000000040000002402
00001398474306160220252802202500000000120000002404
00002010254306160220252802202500000000240000002408
00002065114306160220252802202500000000040000002402
00008947214306160220252802202500000000240000002408
00008332244306160220252802202500000000030000002401
00008091984306160220252802202500000000060000002402
00002347714306160220252802202500000000090000002403
00000099914306160220252802202500000000060000002402
00008348714306160220252802202500000000090000002403
00000107154306160220252802202500000000040000002402
00009601604306160220252802202500000000150000002405
00000114244306160220252802202500000000070000002403
00002189984306160220252802202500000000130000002405
00009574864306160220252802202500000000170000002406
00001364774306160220252802202500000000240000002408
00008834964306160220252802202500000000200000002407
00009591304306160220252802202500000000210000002407
00008922414306160220252802202500000000150000002405
00008988874306160220252802202500000000060000002402
00009253984306160220252802202500000000090000002403
00008590684306160220252802202500000000050000002402
00008360234306160220252802202500000000210000002407
00000126104306160220252802202500000000140000002405
00002133454306160220252802202500000000170000002406
00008393944306160220252802202500000000080000002403
00001905864306160220252802202500000000120000002404
00009487734306160220252802202500000000090000002403
00008649454306160220252802202500000000060000002402
00008382864306160220252802202500000000100000002404
00001986454306160220252802202500000000240000002408
00002172364306160220252802202500000000030000002401
00009731624306160220252802202500000000090000002403
00000152194306160220252802202500000000070000002403
00002225414306160220252802202500000000070000002403
00009489684306160220252802202500000000080000002403
00009487764306160220252802202500000000060000002402
00008023784306160220252802202500000000090000002403
00002038464306160220252802202500000000180000002406
00008411584306160220252802202500000000090000002403
00001435204306160220252802202500000000060000002402
00002006154306160220252802202500000000180000002406
00008614274306160220252802202500000000240000002408
00009488764306160220252802202500000000120000002404
00009151644306160220252802202500000000090000002403
00008162384306160220252802202500000000120000002404
00008347184306160220252802202500000000180000002406
00008503784306160220252802202500000000060000002402
00008084524306160220252802202500000000090000002403
00002056264306160220252802202500000000120000002404
00001957754306160220252802202500000000050000002402
00009170694306160220252802202500000000040000002402
00002101054306160220252802202500000000060000002402
00001829474306160220252802202500000000120000002404
00008061604306160220252802202500000000070000002403
00008300814306160220252802202500000000240000002408
00002101074306160220252802202500000000100000002404
00008322334306160220252802202500000000030000002401
00008215114306160220252802202500000000080000002403
00001390384306160220252802202500000000090000002403
00008346314306160220252802202500000000120000002404
00001692944306160220252802202500000000150000002405
00009096004306160220252802202500000000240000002408
00008331524306160220252802202500000000100000002404
00008065644306160220252802202500000000050000002402
00002234384306160220252802202500000000130000002405
00008922274306160220252802202500000000120000002404
00008579594306160220252802202500000000050000002402
00008995604306160220252802202500000000090000002403
00009000174306160220252802202500000000070000002403
00001503434306160220252802202500000000120000002404
00002258224306160220252802202500000000040000002402
00001193024306160220252802202500000000210000002407
00002467484306160220252802202500000000210000002407
00002322644306160220252802202500000000120000002404
00009534804306160220252802202500000000070000002403
00009534764306160220252802202500000000120000002404
00008357614306160220252802202500000000240000002408
00009519784306160220252802202500000000150000002405
00001693364306160220252802202500000000180000002406
00008578514306160220252802202500000000080000002403
00000269194306160220252802202500000000150000002405
00000264234306160220252802202500000000210000002407
00001347884306160220252802202500000000090000002403
00001223054306160220252802202500000000070000002403
00008092124306160220252802202500000000120000002404
00002107614306160220252802202500000000240000002408
00000272944306160220252802202500000000070000002403
00008767664306160220252802202500000000070000002403
00008503464306160220252802202500000000160000002406
00002260634306160220252802202500000000030000002401
00008321764306160220252802202500000000070000002403
00008676644306160220252802202500000000070000002403
00008518364306160220252802202500000000050000002402
00009168184306160220252802202500000000090000002403
00008325174306160220252802202500000000080000002403
00001410924306160220252802202500000000060000002402
00008004404306160220252802202500000000060000002402
00001645624306160220252802202500000000060000002402
00002163174306160220252802202500000000070000002403
00000301734306160220252802202500000000090000002403
00000303334306160220252802202500000000120000002404
00001819234306160220252802202500000000080000002403
00009778324306160220252802202500000000110000002404
00002298534306160220252802202500000000090000002403
00009125294306160220252802202500000000090000002403
00009096434306160220252802202500000000100000002404
00009273464306160220252802202500000000120000002404
00002261104306160220252802202500000000090000002403
00002038264306160220252802202500000000060000002402
00008634134306160220252802202500000000090000002403
00009536424306160220252802202500000000090000002403
00002124654306160220252802202500000000240000002408
00008665594306160220252802202500000000090000002403
00008606314306160220252802202500000000070000002403
00008666364306160220252802202500000000070000002403
00008451674306160220252802202500000000090000002403
00001673514306160220252802202500000000050000002402
00001805354306160220252802202500000000090000002403
00008449844306160220252802202500000000090000002403
00000331904306160220252802202500000000070000002403
00000334594306160220252802202500000000060000002402
00001433264306160220252802202500000000210000002407
00009490264306160220252802202500000000240000002408
00001460354306160220252802202500000000150000002405
00009366974306160220252802202500000000160000002406
00001946124306160220252802202500000000070000002403
00008503814306160220252802202500000000240000002408
00008614334306160220252802202500000000060000002402
00008632034306160220252802202500000000080000002403
00009775094306160220252802202500000000180000002406
00001602314306160220252802202500000000080000002403
00001684924306160220252802202500000000090000002403
00002329134306160220252802202500000000200000002407
00008662704306160220252802202500000000160000002406
00001418814306160220252802202500000000120000002404
00001174114306160220252802202500000000070000002403
00001613134306160220252802202500000000090000002403
00000388794306160220252802202500000000150000002405
00008395974306160220252802202500000000210000002407
00009286564306160220252802202500000000150000002405
00009107944306160220252802202500000000240000002408
00008999984306160220252802202500000000180000002406
00008628204306160220252802202500000000090000002403
00009000534306160220252802202500000000150000002405
00009154114306160220252802202500000000060000002402
00001932834306160220252802202500000000050000002402
00009118044306160220252802202500000000100000002404
00000427884306160220252802202500000000090000002403
00008509734306160220252802202500000000070000002403
00001933044306160220252802202500000000240000002408
00009042814306160220252802202500000000070000002403
00008320474306160220252802202500000000100000002404
00008240904306160220252802202500000000070000002403
00009177474306160220252802202500000000150000002405
00009156574306160220252802202500000000080000002403
00002120234306160220252802202500000000240000002408
00008348454306160220252802202500000000180000002406
00009157264306160220252802202500000000100000002404
00008411454306160220252802202500000000240000002408
00009129874306160220252802202500000000200000002407
00008746834306160220252802202500000000060000002402
00000439734306160220252802202500000000060000002402
00008623384306160220252802202500000000150000002405
00008515144306160220252802202500000000070000002403
00000446944306160220252802202500000000090000002403
00000447594306160220252802202500000000060000002402
00002246684306160220252802202500000000040000002402
00002423004306160220252802202500000000240000002408
00009901124306160220252802202500000000120000002404
00001789824306160220252802202500000000120000002404
00009761244306160220252802202500000000060000002402
00002013604306160220252802202500000000240000002408
00001693014306160220252802202500000000090000002403
00001894624306160220252802202500000000070000002403
00000471374306160220252802202500000000120000002404
00000473064306160220252802202500000000050000002402
00008340384306160220252802202500000000150000002405
00001530914306160220252802202500000000070000002403
00008444924306160220252802202500000000070000002403
00009372394306160220252802202500000000060000002402
00008385234306160220252802202500000000060000002402
00009309774306160220252802202500000000210000002407
00000447414306160220252802202500000000100000002404
00008875784306160220252802202500000000110000002404
00009291794306160220252802202500000000120000002404
00002400914306160220252802202500000000120000002404
00009711284306160220252802202500000000100000002404
00009647744306160220252802202500000000240000002408
00009992304306160220252802202500000000120000002404
00009017234306160220252802202500000000200000002407
00009889294306160220252802202500000000120000002404
00002242054306160220252802202500000000090000002403
00008195364306160220252802202500000000100000002404
00000507274306160220252802202500000000040000002402
00000509494306160220252802202500000000060000002402
00008482114306160220252802202500000000210000002407
00009203484306160220252802202500000000090000002403
00008586714306160220252802202500000000060000002402
00001458734306160220252802202500000000060000002402
00002076704306160220252802202500000000210000002407
00000532514306160220252802202500000000180000002406
00000533124306160220252802202500000000070000002403
00000537344306160220252802202500000000060000002402
00008596964306160220252802202500000000120000002404
00002179404306160220252802202500000000070000002403
00008686424306160220252802202500000000090000002403
00009196624306160220252802202500000000090000002403
00008225294306160220252802202500000000090000002403
00009951124306160220252802202500000000120000002404
00008367654306160220252802202500000000240000002408
00002110144306160220252802202500000000240000002408
00002167414306160220252802202500000000240000002408
00000554414306160220252802202500000000070000002403
00008480624306160220252802202500000000240000002408
00001526234306160220252802202500000000060000002402
00001987174306160220252802202500000000060000002402
00008382544306160220252802202500000000120000002404
00001440254306160220252802202500000000080000002403
00008367794306160220252802202500000000240000002408
00009926764306160220252802202500000000240000002408
00002281494306160220252802202500000000050000002402
00008453534306160220252802202500000000210000002407
00009088374306160220252802202500000000150000002405
00001614644306160220252802202500000000150000002405
00008938204306160220252802202500000000100000002404
00001873544306160220252802202500000000090000002403
00002472694306160220252802202500000000210000002407
00000621674306160220252802202500000000180000002406
00002151234306160220252802202500000000180000002406
00008032594306160220252802202500000000050000002402
00007631464306160220252802202500000000160000002406
00009730554306160220252802202500000000070000002403
00008988904306160220252802202500000000120000002404
00001928824306160220252802202500000000090000002403
00009181774306160220252802202500000000200000002407
00008004434306160220252802202500000000180000002406
00001244974306160220252802202500000000120000002404
00008347024306160220252802202500000000090000002403
00008596524306160220252802202500000000130000002405
00008362474306160220252802202500000000210000002407
00000607604306160220252802202500000000060000002402
00008340744306160220252802202500000000100000002404
00000626514306160220252802202500000000070000002403
00008579944306160220252802202500000000180000002406
00001291944306160220252802202500000000070000002403
00009282144306160220252802202500000000120000002404
00008456554306160220252802202500000000240000002408
00002392304306160220252802202500000000240000002408
00001949474306160220252802202500000000090000002403
00002464044306160220252802202500000000070000002403
00001939984306160220252802202500000000070000002403
00000647524306160220252802202500000000070000002403
00008516924306160220252802202500000000100000002404
00001143074306160220252802202500000000060000002402
00008149634306160220252802202500000000080000002403
00002281664306160220252802202500000000060000002402
00009284524306160220252802202500000000060000002402
00008430564306160220252802202500000000150000002405
00008587924306160220252802202500000000040000002402
00008297324306160220252802202500000000120000002404
00001357374306160220252802202500000000060000002402
00009147114306160220252802202500000000120000002404
00008646704306160220252802202500000000140000002405
00000677474306160220252802202500000000120000002404
00009792454306160220252802202500000000090000002403
00008507714306160220252802202500000000240000002408
00009006634306160220252802202500000000080000002403
00008628414306160220252802202500000000050000002402
00002124764306160220252802202500000000120000002404
00001742924306160220252802202500000000050000002402
00009137004306160220252802202500000000090000002403
00002354864306160220252802202500000000090000002403
00002205924306160220252802202500000000060000002402
00008768234306160220252802202500000000120000002404
00001706324306160220252802202500000000120000002404
00009033594306160220252802202500000000120000002404
00000692294306160220252802202500000000070000002403
00008031034306160220252802202500000000060000002402
00009162774306160220252802202500000000070000002403
00009508014306160220252802202500000000180000002406
00001526824306160220252802202500000000070000002403
00009042934306160220252802202500000000110000002404
00009043254306160220252802202500000000090000002403
00001997704306160220252802202500000000050000002402
00001969684306160220252802202500000000030000002401
00002142824306160220252802202500000000070000002403
00001957514306160220252802202500000000080000002403
00008798744306160220252802202500000000090000002403
00000698824306160220252802202500000000120000002404
00002076574306160220252802202500000000020000002401
00000707624306160220252802202500000000100000002404
00008614774306160220252802202500000000120000002404
00001668034306160220252802202500000000070000002403
00008875834306160220252802202500000000090000002403
00001188204306160220252802202500000000120000002404
00001825204306160220252802202500000000040000002402
00008614764306160220252802202500000000090000002403
00002142794306160220252802202500000000240000002408
00009486564306160220252802202500000000200000002407
00001771874306160220252802202500000000120000002404
00009842814306160220252802202500000000140000002405
00008445094306160220252802202500000000120000002404
00009305364306160220252802202500000000210000002407
00009346874306160220252802202500000000120000002404
00009267864306160220252802202500000000120000002404
00008578314306160220252802202500000000100000002404
00008369464306160220252802202500000000240000002408
00008954654306160220252802202500000000210000002407
00002291674306160220252802202500000000040000002402
00009595164306160220252802202500000000240000002408
00007200294306160220252802202500000000100000002404
00008636434306160220252802202500000000120000002404
00008224224306160220252802202500000000040000002402
00002225164306160220252802202500000000090000002403
00002242114306160220252802202500000000040000002402
00000731624306160220252802202500000000060000002402
00009486584306160220252802202500000000060000002402
00002310824306160220252802202500000000180000002406
00009165074306160220252802202500000000210000002407
00008170964306160220252802202500000000070000002403
00001198354306160220252802202500000000090000002403
00000777474306160220252802202500000000210000002407
00009593544306160220252802202500000000120000002404
00008702364306160220252802202500000000070000002403
00001889914306160220252802202500000000070000002403
00001157634306160220252802202500000000120000002404
00008558694306160220252802202500000000090000002403
00009710754306160220252802202500000000110000002404
00009705464306160220252802202500000000060000002402
00000785484306160220252802202500000000060000002402
00001220944306160220252802202500000000090000002403
00001397454306160220252802202500000000060000002402
00008504464306160220252802202500000000050000002402
00001161614306160220252802202500000000070000002403
00009513894306160220252802202500000000100000002404
00000808444306160220252802202500000000100000002404
00001881304306160220252802202500000000100000002404
00008392864306160220252802202500000000180000002406
00008605714306160220252802202500000000210000002407
00002460454306160220252802202500000000070000002403
00002023274306160220252802202500000000060000002402
00008579914306160220252802202500000000180000002406
00001435364306160220252802202500000000120000002404
00000831164306160220252802202500000000210000002407
00000834824306160220252802202500000000030000002401
00009029924306160220252802202500000000120000002404
00009109994306160220252802202500000000100000002404
00009014734306160220252802202500000000070000002403
00002302434306160220252802202500000000070000002403
00008336404306160220252802202500000000130000002405
00008303824306160220252802202500000000050000002402
00009002204306160220252802202500000000120000002404
00002355104306160220252802202500000000040000002402
00001893904306160220252802202500000000050000002402
00008611944306160220252802202500000000060000002402
00001879084306160220252802202500000000210000002407
00008162454306160220252802202500000000140000002405
00001692684306160220252802202500000000240000002408
00009621114306160220252802202500000000110000002404
00008367714306160220252802202500000000140000002405
00002027274306160220252802202500000000070000002403
00009359534306160220252802202500000000040000002402
00001684374306160220252802202500000000210000002407
00008450194306160220252802202500000000150000002405
00008787474306160220252802202500000000100000002404
00001743914306160220252802202500000000050000002402
00009500914306160220252802202500000000220000002408
00001477684306160220252802202500000000240000002408
00008928894306160220252802202500000000100000002404
00009941084306160220252802202500000000120000002404
00001969674306160220252802202500000000080000002403
00000925984306160220252802202500000000120000002404
00000927294306160220252802202500000000050000002402
00002322784306160220252802202500000000100000002404
00009761874306160220252802202500000000060000002402
00000934064306160220252802202500000000090000002403
00008614414306160220252802202500000000050000002402
00001828574306160220252802202500000000180000002406
00009285774306160220252802202500000000040000002402
00008692694306160220252802202500000000070000002403
00008459824306160220252802202500000000060000002402
00008624754306160220252802202500000000060000002402
00009110034306160220252802202500000000240000002408
00000907914306160220252802202500000000090000002403
00002226394306160220252802202500000000150000002405
00009487284306160220252802202500000000060000002402
00001580404306160220252802202500000000120000002404
00009486524306160220252802202500000000150000002405
00009153714306160220252802202500000000080000002403
00008974304306160220252802202500000000090000002403
00009853894306160220252802202500000000150000002405
00001945524306160220252802202500000000150000002405
00008558544306160220252802202500000000030000002401
00009023694306160220252802202500000000070000002403
00009071704306160220252802202500000000070000002403
00001354014306160220252802202500000000060000002402
00001800044306160220252802202500000000240000002408
00009268374306160220252802202500000000070000002403
00008578054306160220252802202500000000240000002408
00008579894306160220252802202500000000090000002403
00008391344306160220252802202500000000120000002404
00008833584306160220252802202500000000120000002404
00008614384306160220252802202500000000140000002405
00001007344306160220252802202500000000120000002404
00009282614306160220252802202500000000070000002403
00008788994306160220252802202500000000100000002404
00009401624306160220252802202500000000150000002405
00008579874306160220252802202500000000180000002406
00002048954306160220252802202500000000070000002403
00002362564306160220252802202500000000040000002402
00009901144306160220252802202500000000150000002405
00009602974306160220252802202500000000240000002408
00008411744306160220252802202500000000180000002406
00009135814306160220252802202500000000210000002407
00008582104306160220252802202500000000050000002402
00001034104306160220252802202500000000090000002403
00001037704306160220252802202500000000070000002403
00001857254306160220252802202500000000120000002404
00001057094306160220252802202500000000060000002402
00008049314306160220252802202500000000060000002402
00008582124306160220252802202500000000050000002402
00009072094306160220252802202500000000120000002404
00001924124306160220252802202500000000120000002404
00001532874306160220252802202500000000210000002407
00001096774306160220252802202500000000070000002403
00002304064306160220252802202500000000090000002403
00009000134306160220252802202500000000090000002403
00008982624306160220252802202500000000210000002407
00008611444306160220252802202500000000080000002403
00009490404306160220252802202500000000130000002405
00001119204306160220252802202500000000060000002402
00001188074306160220252802202500000000060000002402
00001107284306160220252802202500000000090000002403
00008453814306160220252802202500000000090000002403
00002429864306160220252802202500000000150000002405
00001557554306160220252802202500000000120000002404
00001297004306160220252802202500000000240000002408
00001389924306160220252802202500000000060000002402
00009043884306160220252802202500000000060000002402
00008382374306160220252802202500000000090000002403
00002316144306160220252802202500000000240000002408
00008579974306160220252802202500000000090000002403
00009076624306160220252802202500000000030000002401
00002064404306160220252802202500000000120000002404
00001336554306160220252802202500000000180000002406
00008735604306160220252802202500000000120000002404
00009128664306160220252802202500000000120000002404
00010868324306010220251502202500000000080000002403
00011701124306010220251502202500000000180000002406
00010030554306010220251502202500000000030000002401
00010563224306160220252802202500000000240000002408
00010575304306160220252802202500000000090000002403
00010201624306160220252802202500000000120000002404
00010218194306160220252802202500000000200000002407
00011456144306160220252802202500000000080000002403
00011457514306160220252802202500000000180000002406
00011439654306160220252802202500000000120000002404
00011470354306160220252802202500000000120000002404
00010493594306160220252802202500000000120000002404
00010567284306160220252802202500000000050000002402
00010002564306160220252802202500000000140000002405
00010960354306160220252802202500000000240000002408
00011746124306160220252802202500000000120000002404
00010859164306160220252802202500000000210000002407
00010020954306160220252802202500000000120000002404
00011439624306160220252802202500000000180000002406
00010398224306160220252802202500000000120000002404
00010213954306160220252802202500000000150000002405
00010354254306160220252802202500000000160000002406
00011702524306160220252802202500000000070000002403
00011949344306160220252802202500000000100000002404
00011274204306160220252802202500000000060000002402
00010868324306160220252802202500000000240000002408
00010918194306160220252802202500000000210000002407
00011701124306160220252802202500000000240000002408
00010398174306160220252802202500000000120000002404
00010202574306160220252802202500000000090000002403
00011694514306160220252802202500000000150000002405
00010562894306160220252802202500000000210000002407
00011150544306160220252802202500000000140000002405
00010033174306160220252802202500000000180000002406
00010896874306160220252802202500000000240000002408
00011259834306160220252802202500000000120000002404
00011127564306160220252802202500000000120000002404
00011644074306160220252802202500000000240000002408
00011371314306160220252802202500000000090000002403
00010086844306160220252802202500000000210000002407
00011398484306160220252802202500000000100000002404
00010086354306160220252802202500000000200000002407
00011655304306160220252802202500000000080000002403
00010151284306160220252802202500000000210000002407
00011896574306160220252802202500000000210000002407
00011125674306160220252802202500000000210000002407
00010180114306160220252802202500000000160000002406
00011082804306160220252802202500000000180000002406
00010086894306160220252802202500000000120000002404
00011382124306160220252802202500000000120000002404
00011354044306160220252802202500000000210000002407
00010794594306160220252802202500000000070000002403
00011371334306160220252802202500000000060000002402
00010201664306160220252802202500000000060000002402
00011149054306160220252802202500000000160000002406
00011274634306160220252802202500000000100000002404
00011347714306160220252802202500000000240000002408
00011536834306160220252802202500000000240000002408
00011117534306160220252802202500000000240000002408
00010201644306160220252802202500000000070000002403
00011149334306160220252802202500000000120000002404
00011660924306160220252802202500000000090000002403
00011626224306160220252802202500000000240000002408
00010256684306160220252802202500000000090000002403
00010098684306160220252802202500000000120000002404
00011288104306160220252802202500000000090000002403
00011410704306160220252802202500000000240000002408
00010574934306160220252802202500000000240000002408
00010001774306160220252802202500000000090000002403
00010202224306160220252802202500000000120000002404
00011457414306160220252802202500000000120000002404
00010030554306160220252802202500000000240000002408
00010806554306160220252802202500000000090000002403
00011191804306160220252802202500000000070000002403
00011201754306160220252802202500000000210000002407
00010867534306160220252802202500000000240000002408
00011903234306160220252802202500000000240000002408
00011595924306160220252802202500000000210000002407
00011540494306160220252802202500000000120000002404
00010087464306160220252802202500000000120000002404
00011136844306160220252802202500000000200000002407
00010373234306160220252802202500000000070000002403
00010086794306160220252802202500000000100000002404
00011545884306160220252802202500000000240000002408
00011710114306160220252802202500000000200000002407
00011237064306160220252802202500000000100000002404
00011415404306160220252802202500000000150000002405
00011886974306160220252802202500000000210000002407